"Date","Time","Open","High","Low","Close","Vol","OI"
10/22/2012,21:00,49.23,49.32,48.93,49.11,28428,0
10/23/2012,21:00,48.27,48.48,47.98,48.14,28161,0
10/24/2012,21:00,48.56,48.62,48.22,48.22,149458,0
10/25/2012,21:00,48.76,48.84,48.41,48.54,9769,0
10/26/2012,21:00,48.24,48.36,48.04,48.19,618619,0
10/31/2012,21:00,48.61,48.61,48.04,48.23,17446,0
11/01/2012,21:00,48.59,49.00,48.59,49.00,217104,0
11/02/2012,21:00,49.19,49.19,48.56,48.56,112532,0
11/05/2012,21:00,48.59,48.95,48.55,48.93,45509,0
11/06/2012,21:00,49.17,49.39,48.99,49.27,24702,0
11/07/2012,21:00,49.00,49.00,48.31,48.55,121127,0
11/08/2012,21:00,48.68,48.79,48.05,48.06,101708,0
11/09/2012,21:00,48.05,48.57,48.05,48.26,28095,0
11/12/2012,21:00,48.39,48.47,48.26,48.32,9373,0
11/13/2012,21:00,47.76,48.04,47.74,47.83,87258,0
11/14/2012,21:00,47.98,47.98,47.23,47.23,36066,0
11/15/2012,21:00,47.31,47.48,47.23,47.40,53359,0
11/16/2012,21:00,47.40,47.51,47.00,47.51,92425,0
11/19/2012,21:00,47.94,48.23,47.94,48.23,6928,0
11/20/2012,21:00,47.93,48.11,47.85,48.10,24844,0
11/21/2012,21:00,47.89,48.03,47.80,47.99,10966,0
11/23/2012,21:00,48.65,48.78,48.54,48.78,83078,0
11/26/2012,21:00,48.60,48.75,48.56,48.75,84781,0
11/27/2012,21:00,48.65,48.76,48.39,48.39,21427,0
11/28/2012,21:00,48.20,48.73,48.00,48.71,119150,0
11/29/2012,21:00,48.99,49.13,48.86,49.08,72659,0
11/30/2012,21:00,49.06,49.10,49.00,49.00,6925,0
12/03/2012,21:00,49.29,49.29,49.05,49.07,26858,0
12/04/2012,21:00,49.30,49.39,49.18,49.21,40491,0
12/05/2012,21:00,49.67,49.89,49.55,49.67,24945,0
12/06/2012,21:00,49.85,49.98,49.73,49.96,17481,0
12/07/2012,21:00,50.27,50.27,49.92,50.16,52694,0
12/10/2012,21:00,50.11,50.46,50.11,50.45,12025,0
12/11/2012,21:00,50.44,50.67,50.43,50.60,20263,0
12/12/2012,21:00,50.77,51.06,50.63,50.71,133116,0
12/13/2012,21:00,50.71,50.83,50.42,50.55,98979,0
12/14/2012,21:00,50.72,50.85,50.61,50.77,64532,0
12/17/2012,21:00,50.78,50.91,50.72,50.82,55257,0
12/18/2012,21:00,50.74,51.23,50.54,51.19,44453,0
12/19/2012,21:00,51.34,51.43,51.13,51.19,703188,0
12/20/2012,21:00,51.27,51.46,51.03,51.45,352845,0
12/21/2012,21:00,50.74,50.89,50.56,50.68,219722,0
12/24/2012,21:00,50.88,50.88,50.57,50.66,32537,0
12/26/2012,21:00,51.16,51.21,51.01,51.05,235929,0
12/27/2012,21:00,51.05,51.37,50.91,51.30,81243,0
12/28/2012,21:00,51.33,51.68,51.25,51.40,157021,0
12/31/2012,21:00,51.68,52.32,51.53,52.20,106869,0
01/02/2013,21:00,52.91,53.26,52.87,53.26,91756,0
01/03/2013,21:00,52.85,53.27,52.79,52.92,311856,0
01/04/2013,21:00,52.80,52.99,52.60,52.95,48654,0
01/07/2013,21:00,52.72,52.72,52.49,52.65,413201,0
01/08/2013,21:00,52.39,52.44,52.07,52.28,150042,0
01/09/2013,21:00,52.57,52.57,52.38,52.54,201182,0
01/10/2013,21:00,52.75,53.50,52.59,52.92,263701,0
01/11/2013,21:00,52.60,52.60,52.36,52.49,116981,0
01/14/2013,21:00,52.86,52.86,52.48,52.70,968034,0
01/15/2013,21:00,52.50,52.50,52.29,52.41,210300,0
01/16/2013,21:00,52.22,52.45,52.06,52.40,303637,0
01/17/2013,21:00,52.65,52.88,52.54,52.76,110438,0
01/18/2013,21:00,52.75,52.84,52.57,52.77,372668,0
01/22/2013,21:00,52.75,52.75,52.53,52.70,131565,0
01/23/2013,21:00,52.64,52.64,52.31,52.43,247309,0
01/24/2013,21:00,52.47,52.61,52.21,52.28,309722,0
01/25/2013,21:00,52.20,52.20,51.88,52.13,217574,0
01/28/2013,21:00,52.04,52.04,51.62,51.72,240997,0
01/29/2013,21:00,51.94,52.40,51.94,52.32,208806,0
01/30/2013,21:00,52.22,52.23,52.03,52.03,124062,0
01/31/2013,21:00,52.17,52.17,51.97,52.08,293490,0
02/01/2013,21:00,52.43,52.58,52.23,52.45,250977,0
02/04/2013,21:00,52.17,52.24,51.65,51.78,173064,0
02/05/2013,21:00,52.15,52.17,51.92,52.03,205209,0
02/06/2013,21:00,51.76,51.94,51.60,51.93,114366,0
02/07/2013,21:00,51.94,51.94,51.34,51.54,136505,0
02/08/2013,21:00,51.77,51.93,51.72,51.93,327302,0
02/11/2013,21:00,51.81,51.88,51.62,51.83,79119,0
02/12/2013,21:00,51.89,52.07,51.65,51.90,159413,0
02/13/2013,21:00,52.32,52.32,52.05,52.17,138015,0
02/14/2013,21:00,52.05,52.21,51.96,52.20,125004,0
02/15/2013,21:00,52.30,52.30,51.96,52.05,261057,0
02/19/2013,21:00,52.14,52.25,52.02,52.02,172506,0
02/20/2013,21:00,52.25,52.31,51.61,51.64,335893,0
02/21/2013,21:00,51.42,51.48,50.92,51.15,651268,0
02/22/2013,21:00,51.27,51.49,51.22,51.43,756648,0
02/25/2013,21:00,51.75,51.80,50.69,50.69,694702,0
02/26/2013,21:00,51.07,51.12,50.73,51.07,820971,0
02/27/2013,21:00,51.10,51.62,51.08,51.55,153726,0
02/28/2013,21:00,51.54,51.67,51.28,51.28,602843,0
03/01/2013,21:00,51.39,51.50,51.04,51.41,402401,0
03/04/2013,21:00,51.12,51.12,50.77,51.06,1063850,0
03/05/2013,21:00,51.58,51.75,51.50,51.56,527512,0
03/06/2013,21:00,51.88,51.88,51.62,51.79,93285,0
03/07/2013,21:00,51.88,51.99,51.72,51.93,1010234,0
03/08/2013,21:00,52.27,52.39,52.00,52.32,416593,0
03/11/2013,21:00,52.13,52.14,51.93,52.08,483691,0
03/12/2013,21:00,51.87,51.91,51.45,51.55,792043,0
03/13/2013,21:00,51.51,51.51,51.12,51.14,241126,0
03/14/2013,21:00,51.41,51.47,51.20,51.37,452119,0
03/15/2013,21:00,51.14,51.14,50.90,50.93,368728,0
03/18/2013,21:00,50.49,50.62,50.30,50.36,411818,0
03/19/2013,21:00,50.29,50.42,49.71,49.97,302566,0
03/20/2013,21:00,50.45,50.45,50.25,50.33,776047,0
03/21/2013,21:00,50.11,50.15,49.77,49.81,739815,0
03/22/2013,21:00,50.01,50.02,49.82,49.97,356445,0
03/25/2013,21:00,50.25,50.34,49.77,49.91,1073823,0
03/26/2013,21:00,50.35,50.58,50.35,50.57,214057,0
03/27/2013,21:00,50.15,50.69,50.15,50.67,259969,0
03/28/2013,21:00,50.63,50.79,50.48,50.76,205240,0
04/01/2013,21:00,50.79,50.79,50.25,50.29,360876,0
04/02/2013,21:00,50.51,50.55,50.28,50.33,128778,0
04/03/2013,21:00,50.33,50.33,49.66,49.79,499817,0
04/04/2013,21:00,49.75,49.86,49.38,49.66,122610,0
04/05/2013,21:00,48.96,49.63,48.77,49.54,270964,0
04/08/2013,21:00,49.22,49.59,49.17,49.56,289561,0
04/09/2013,21:00,49.71,50.24,49.53,50.00,249893,0
04/10/2013,21:00,50.40,50.69,50.31,50.49,388748,0
04/11/2013,21:00,50.56,50.63,50.36,50.49,281148,0
04/12/2013,21:00,50.11,50.11,49.54,49.89,413104,0
04/15/2013,21:00,49.56,49.56,48.62,48.62,387882,0
04/16/2013,21:00,49.60,49.77,49.39,49.71,282534,0
04/17/2013,21:00,49.35,49.35,48.70,48.96,318684,0
04/18/2013,21:00,49.36,49.36,48.82,49.00,231600,0
04/19/2013,21:00,49.66,49.77,49.54,49.71,169799,0
04/22/2013,21:00,49.87,49.95,49.57,49.94,978797,0
04/23/2013,21:00,49.89,50.24,49.85,50.16,814444,0
04/24/2013,21:00,50.15,50.52,50.15,50.34,429789,0
04/25/2013,21:00,50.70,50.92,50.56,50.71,275862,0
04/26/2013,21:00,50.62,50.62,50.20,50.35,328018,0
04/29/2013,21:00,50.75,51.00,50.60,50.85,777329,0
04/30/2013,21:00,50.97,51.56,50.83,51.47,495236,0
05/01/2013,21:00,51.55,51.55,50.85,50.95,239832,0
05/02/2013,21:00,51.15,51.42,51.12,51.36,969827,0
05/03/2013,21:00,51.71,52.03,51.69,51.79,793816,0
05/06/2013,21:00,51.82,51.85,51.65,51.80,159210,0
05/07/2013,21:00,52.10,52.26,51.90,52.20,982687,0
05/08/2013,21:00,52.39,52.62,52.39,52.55,430068,0
05/09/2013,21:00,52.56,52.56,52.00,52.14,402035,0
05/10/2013,21:00,51.86,51.92,51.55,51.77,245737,0
05/13/2013,21:00,51.59,51.59,51.37,51.43,1009666,0
05/14/2013,21:00,51.57,51.80,51.51,51.64,109181,0
05/15/2013,21:00,51.56,51.71,51.44,51.68,176393,0
05/16/2013,21:00,51.68,51.85,51.48,51.51,195336,0
05/17/2013,21:00,51.67,51.75,51.52,51.67,801106,0
05/20/2013,21:00,51.67,51.84,51.64,51.83,85510,0
05/21/2013,21:00,51.77,52.00,51.49,51.85,1682863,0
05/22/2013,21:00,51.93,52.28,51.11,51.27,391374,0
05/23/2013,21:00,50.58,50.94,50.28,50.87,318329,0
05/24/2013,21:00,50.62,50.62,50.24,50.54,328818,0
05/28/2013,21:00,51.25,51.25,50.74,50.75,418389,0
05/29/2013,21:00,50.59,50.62,50.23,50.30,888275,0
05/30/2013,21:00,50.22,50.51,50.13,50.20,181015,0
05/31/2013,21:00,49.90,49.90,49.22,49.22,527720,0
06/03/2013,21:00,49.46,49.97,49.15,49.92,436609,0
06/04/2013,21:00,49.88,49.91,49.20,49.39,2280016,0
06/05/2013,21:00,49.32,49.32,48.55,48.57,607259,0
06/06/2013,21:00,48.50,48.93,48.30,48.93,651004,0
06/07/2013,21:00,48.65,48.90,48.34,48.59,543206,0
06/10/2013,21:00,48.32,48.32,47.88,47.98,445316,0
06/11/2013,21:00,47.11,47.44,46.90,47.15,393314,0
06/12/2013,21:00,47.54,47.54,46.71,46.85,313078,0
06/13/2013,21:00,46.80,47.65,46.70,47.62,430357,0
06/14/2013,21:00,47.52,47.56,46.80,46.89,581113,0
06/17/2013,21:00,47.45,47.61,47.10,47.32,481368,0
06/18/2013,21:00,47.24,47.51,47.14,47.41,471588,0
06/19/2013,21:00,47.15,47.29,46.09,46.10,722260,0
06/20/2013,21:00,45.21,45.21,43.68,44.09,1385973,0
06/21/2013,21:00,44.78,44.90,44.00,44.73,566412,0
06/24/2013,21:00,43.83,44.16,43.21,43.94,3012747,0
06/25/2013,21:00,44.55,44.67,44.02,44.63,1573363,0
06/26/2013,21:00,44.82,45.41,44.82,45.31,1248386,0
06/27/2013,21:00,45.38,45.74,45.37,45.64,556208,0
06/28/2013,21:00,45.49,46.09,45.34,46.06,1007802,0
07/01/2013,21:00,46.30,46.40,45.99,46.08,615074,0
07/02/2013,21:00,46.04,46.27,45.15,45.42,431572,0
07/03/2013,21:00,44.98,45.34,44.80,45.09,281938,0
07/05/2013,21:00,45.14,45.36,44.39,44.75,433135,0
07/08/2013,21:00,44.75,45.09,44.69,44.74,529337,0
07/09/2013,21:00,45.25,45.33,44.97,45.24,342242,0
07/10/2013,21:00,45.06,45.29,44.87,44.92,2403683,0
07/11/2013,21:00,46.41,46.90,46.24,46.87,955780,0
07/12/2013,21:00,46.50,46.53,46.29,46.41,492742,0
07/15/2013,21:00,46.76,47.16,46.76,47.02,506495,0
07/16/2013,21:00,47.06,47.15,46.79,47.13,424857,0
07/17/2013,21:00,47.54,47.54,47.36,47.47,449152,0
07/18/2013,21:00,47.24,47.36,47.00,47.08,202598,0
07/19/2013,21:00,46.98,46.98,46.77,46.92,287593,0
07/22/2013,21:00,47.00,47.41,46.89,47.28,674536,0
07/23/2013,21:00,47.80,47.94,47.64,47.78,316860,0
07/24/2013,21:00,47.82,47.82,47.10,47.26,410041,0
07/25/2013,21:00,47.29,47.62,47.20,47.60,318962,0
07/26/2013,21:00,47.39,47.57,47.06,47.53,1302821,0
07/29/2013,21:00,47.12,47.14,46.90,46.96,349063,0
07/30/2013,21:00,47.15,47.15,46.75,46.83,1029522,0
07/31/2013,21:00,46.54,46.99,46.29,46.54,550257,0
08/01/2013,21:00,47.01,47.40,46.94,47.28,249252,0
08/02/2013,21:00,47.15,47.54,47.13,47.36,360686,0
08/05/2013,21:00,47.19,47.21,46.90,47.07,300753,0
08/06/2013,21:00,46.87,46.87,46.41,46.55,298445,0
08/07/2013,21:00,46.19,46.28,46.02,46.06,502897,0
08/08/2013,21:00,46.70,47.02,46.29,46.89,392919,0
08/09/2013,21:00,46.96,47.21,46.88,47.02,231123,0
08/12/2013,21:00,47.25,47.51,47.14,47.33,295818,0
08/13/2013,21:00,47.51,47.75,47.39,47.59,551741,0
08/14/2013,21:00,47.83,47.83,47.68,47.73,375729,0
08/15/2013,21:00,47.20,47.32,46.78,47.16,418880,0
08/16/2013,21:00,47.29,47.35,46.79,46.87,674081,0
08/19/2013,21:00,46.61,46.63,46.00,46.00,218116,0
08/20/2013,21:00,45.96,46.21,45.81,45.99,259193,0
08/21/2013,21:00,45.48,45.55,44.80,44.91,579617,0
08/22/2013,21:00,45.30,45.63,45.30,45.57,229801,0
08/23/2013,21:00,45.96,46.14,45.68,46.06,356209,0
08/26/2013,21:00,46.22,46.22,45.61,45.64,249467,0
08/27/2013,21:00,44.94,44.95,44.54,44.59,478505,0
08/28/2013,21:00,44.62,45.08,44.43,44.68,382016,0
08/29/2013,21:00,45.24,45.52,45.02,45.05,405504,0
08/30/2013,21:00,45.52,45.54,45.13,45.38,604913,0
09/03/2013,21:00,46.13,46.18,45.62,45.76,603480,0
09/04/2013,21:00,46.10,46.48,45.95,46.44,314321,0
09/05/2013,21:00,46.46,46.99,46.44,46.86,481826,0
09/06/2013,21:00,47.38,47.66,47.00,47.51,385503,0
09/09/2013,21:00,47.87,48.72,47.86,48.65,989295,0
09/10/2013,21:00,48.95,49.14,48.81,49.11,2347543,0
09/11/2013,21:00,48.94,49.15,48.74,49.07,943752,0
09/12/2013,21:00,48.87,48.92,48.54,48.57,380542,0
09/13/2013,21:00,48.60,48.91,48.56,48.84,795205,0
09/16/2013,21:00,49.45,49.62,49.23,49.31,812215,0
09/17/2013,21:00,49.31,49.42,49.21,49.30,655876,0
09/18/2013,21:00,49.30,51.25,49.00,51.21,501264,0
09/19/2013,21:00,51.06,51.17,50.78,51.12,2020315,0
09/20/2013,21:00,50.89,50.89,49.90,50.01,855386,0
09/23/2013,21:00,50.07,50.28,49.94,50.13,1275387,0
09/24/2013,21:00,49.99,50.06,49.67,49.79,1135382,0
09/25/2013,21:00,49.70,49.77,49.39,49.47,739121,0
09/26/2013,21:00,49.76,49.85,49.38,49.61,400875,0
09/27/2013,21:00,49.29,49.35,48.98,49.07,355905,0
09/30/2013,21:00,48.68,48.80,48.36,48.65,981697,0
10/01/2013,21:00,48.98,49.56,48.84,49.55,1428734,0
10/02/2013,21:00,49.34,49.70,49.19,49.69,904862,0
10/03/2013,21:00,50.00,50.02,49.26,49.52,1146141,0
10/04/2013,21:00,49.77,50.19,49.66,50.07,1220325,0
10/07/2013,21:00,49.59,49.92,49.49,49.64,476454,0
10/08/2013,21:00,50.00,50.00,49.23,49.25,594133,0
10/09/2013,21:00,49.65,49.86,49.27,49.70,2659519,0
10/10/2013,21:00,50.15,50.81,50.15,50.73,740033,0
10/11/2013,21:00,50.59,51.00,50.48,51.00,510029,0
10/14/2013,21:00,50.56,51.26,50.41,51.19,341869,0
10/15/2013,21:00,51.07,51.14,50.61,50.74,602040,0
10/16/2013,21:00,51.03,51.30,50.92,51.15,690467,0
10/17/2013,21:00,51.10,51.45,50.99,51.42,437427,0
10/18/2013,21:00,51.62,51.68,51.40,51.52,2285593,0
10/21/2013,21:00,51.52,51.56,51.32,51.47,2178740,0
10/22/2013,21:00,51.78,52.17,51.74,51.90,746005,0
10/23/2013,21:00,51.10,51.10,50.72,50.77,499910,0
10/24/2013,21:00,51.07,51.07,50.63,50.76,680348,0
10/25/2013,21:00,50.87,51.01,50.66,51.00,368201,0
10/28/2013,21:00,51.00,51.24,50.97,51.18,735393,0
10/29/2013,21:00,51.32,51.35,51.23,51.30,302408,0
10/30/2013,21:00,51.47,51.49,50.85,51.08,1064291,0
10/31/2013,21:00,51.24,51.27,50.63,50.64,756275,0
11/01/2013,21:00,50.72,50.87,50.35,50.59,569285,0
11/04/2013,21:00,50.74,50.87,50.67,50.87,256593,0
11/05/2013,21:00,50.28,50.28,49.92,49.96,501202,0
11/06/2013,21:00,50.15,50.31,50.06,50.14,277085,0
11/07/2013,21:00,50.13,50.13,49.15,49.21,732088,0
11/08/2013,21:00,48.93,49.15,48.64,49.15,598682,0
11/11/2013,21:00,49.05,49.09,48.76,48.83,379847,0
11/12/2013,21:00,48.73,48.86,48.26,48.50,568489,0
11/13/2013,21:00,48.14,48.71,48.09,48.67,430248,0
11/14/2013,21:00,48.73,49.34,48.59,49.34,754403,0
11/15/2013,21:00,49.77,50.43,49.77,50.23,798567,0
11/18/2013,21:00,50.57,51.12,50.57,50.65,938174,0
11/19/2013,21:00,50.83,50.83,50.34,50.39,471289,0
11/20/2013,21:00,50.01,50.51,49.69,49.78,496954,0
11/21/2013,21:00,49.71,49.81,49.51,49.77,465362,0
11/22/2013,21:00,49.82,50.11,49.69,50.05,329115,0
11/25/2013,21:00,50.00,50.11,49.43,49.52,1155350,0
11/26/2013,21:00,49.58,49.77,49.32,49.65,641836,0
11/27/2013,21:00,49.75,50.03,49.67,49.98,360392,0
11/29/2013,21:00,49.79,50.49,49.79,50.41,247853,0
12/02/2013,21:00,50.25,50.29,49.39,49.41,1248250,0
12/03/2013,21:00,49.36,49.62,48.99,49.29,862627,0
12/04/2013,21:00,49.10,49.42,48.84,49.33,546366,0
12/05/2013,21:00,49.11,49.44,49.03,49.04,1533593,0
12/06/2013,21:00,49.70,50.21,49.68,50.01,777921,0
12/09/2013,21:00,50.19,50.32,50.07,50.12,907097,0
12/10/2013,21:00,49.97,50.15,49.91,50.13,4645554,0
12/11/2013,21:00,49.72,49.79,49.03,49.09,2054006,0
12/12/2013,21:00,48.96,49.02,48.63,48.89,7797618,0
12/13/2013,21:00,49.00,49.04,48.76,48.98,731365,0
12/16/2013,21:00,49.20,49.51,49.16,49.19,1139242,0
12/17/2013,21:00,49.19,49.19,48.79,48.79,1123786,0
12/18/2013,21:00,48.64,49.59,47.90,49.24,1580133,0
12/19/2013,21:00,48.36,48.53,48.03,48.40,1325472,0
12/20/2013,21:00,48.50,48.63,48.29,48.38,3230921,0
12/23/2013,21:00,48.63,48.82,48.59,48.73,2855608,0
12/24/2013,21:00,48.86,48.97,48.84,48.92,483886,0
12/26/2013,21:00,48.79,48.79,48.53,48.56,688804,0
12/27/2013,21:00,49.02,49.28,48.97,49.28,343592,0
12/30/2013,21:00,49.27,49.48,49.25,49.40,4358325,0
12/31/2013,21:00,49.44,49.83,49.44,49.81,837317,0
01/02/2014,21:00,48.94,48.94,48.02,48.07,1047202,0
01/03/2014,21:00,48.36,48.36,47.84,48.03,946644,0
01/06/2014,21:00,47.95,48.02,47.58,47.58,1066603,0
01/07/2014,21:00,47.88,48.00,47.72,47.84,790787,0
01/08/2014,21:00,47.74,47.96,47.59,47.71,761956,0
01/09/2014,21:00,47.68,47.69,47.15,47.51,1549859,0
01/10/2014,21:00,47.83,48.36,47.73,48.22,979680,0
01/13/2014,21:00,48.37,48.37,47.61,47.75,915530,0
01/14/2014,21:00,48.00,48.30,47.80,48.23,1182504,0
01/15/2014,21:00,48.23,48.29,48.09,48.22,835437,0
01/16/2014,21:00,48.15,48.25,47.87,48.00,509247,0
01/17/2014,21:00,47.95,47.96,47.69,47.79,620278,0
01/21/2014,21:00,48.03,48.03,47.48,47.71,687359,0
01/22/2014,21:00,48.01,48.27,47.88,48.26,1588945,0
01/23/2014,21:00,47.84,47.84,46.88,47.14,2232450,0
01/24/2014,21:00,46.69,46.69,45.86,45.88,2377527,0
01/27/2014,21:00,45.89,46.05,45.32,45.60,3139983,0
01/28/2014,21:00,46.07,46.18,45.88,46.05,1060115,0
01/29/2014,21:00,45.52,45.87,45.22,45.39,1656841,0
01/30/2014,21:00,46.05,46.09,45.67,45.80,777899,0
01/31/2014,21:00,45.34,45.96,45.17,45.83,849888,0
02/03/2014,21:00,45.46,45.50,44.60,44.66,1645201,0
02/04/2014,21:00,45.20,45.76,45.20,45.47,1845840,0
02/05/2014,21:00,45.40,45.62,45.08,45.39,1129333,0
02/06/2014,21:00,45.74,46.32,45.74,46.29,1744829,0
02/07/2014,21:00,46.54,46.66,46.26,46.45,837563,0
02/10/2014,21:00,46.43,46.43,45.87,46.08,641396,0
02/11/2014,21:00,46.39,47.09,46.29,47.00,1675586,0
02/12/2014,21:00,47.29,47.45,46.88,46.94,1418016,0
02/13/2014,21:00,46.48,47.11,46.43,47.11,933307,0
02/14/2014,21:00,47.25,47.80,47.25,47.57,474492,0
02/18/2014,21:00,47.59,47.60,47.19,47.22,680069,0
02/19/2014,21:00,47.07,47.37,46.81,46.90,1179865,0
02/20/2014,21:00,46.95,47.19,46.64,47.09,1570113,0
02/21/2014,21:00,47.23,47.53,47.17,47.39,990355,0
02/24/2014,21:00,47.36,47.74,47.27,47.40,756189,0
02/25/2014,21:00,47.37,47.37,46.73,46.90,479017,0
02/26/2014,21:00,47.13,47.16,46.74,46.85,593753,0
02/27/2014,21:00,47.34,47.79,47.21,47.69,1321665,0
02/28/2014,21:00,47.78,47.84,47.13,47.38,1475956,0
03/03/2014,21:00,46.70,46.82,46.34,46.71,525916,0
03/04/2014,21:00,47.51,47.59,47.27,47.42,501544,0
03/05/2014,21:00,47.41,47.57,47.25,47.55,593228,0
03/06/2014,21:00,47.92,48.34,47.92,48.17,794181,0
03/07/2014,21:00,47.99,47.99,47.29,47.61,737178,0
03/10/2014,21:00,47.38,47.38,46.93,47.26,706026,0
03/11/2014,21:00,47.32,47.51,46.71,46.81,461184,0
03/12/2014,21:00,46.61,46.93,46.40,46.90,946863,0
03/13/2014,21:00,47.09,47.09,45.90,46.02,554205,0
03/14/2014,21:00,46.09,46.55,46.09,46.32,523089,0
03/17/2014,21:00,46.65,46.93,46.58,46.84,359579,0
03/18/2014,21:00,47.00,47.47,46.93,47.46,491485,0
03/19/2014,21:00,47.18,47.35,46.36,46.58,812874,0
03/20/2014,21:00,46.29,46.76,46.09,46.69,631375,0
03/21/2014,21:00,46.86,47.42,46.85,46.98,477491,0
03/24/2014,21:00,47.18,47.34,46.97,47.23,916221,0
03/25/2014,21:00,47.69,47.89,47.54,47.79,491884,0
03/26/2014,21:00,48.14,48.25,47.81,47.83,1149895,0
03/27/2014,21:00,47.94,48.45,47.85,48.43,394053,0
03/28/2014,21:00,48.79,49.04,48.70,48.76,426054,0
03/31/2014,21:00,49.14,49.33,49.01,49.08,1696204,0
04/01/2014,21:00,49.48,49.65,49.35,49.59,3061428,0
04/02/2014,21:00,49.52,49.81,49.44,49.80,634165,0
04/03/2014,21:00,49.59,49.60,49.07,49.50,1140300,0
04/04/2014,21:00,49.95,50.35,49.36,49.42,1098561,0
04/07/2014,21:00,49.57,49.71,49.33,49.57,533917,0
04/08/2014,21:00,50.12,50.47,50.02,50.14,555375,0
04/09/2014,21:00,50.37,50.77,49.95,50.58,2859514,0
04/10/2014,21:00,50.58,50.74,50.00,50.05,1806072,0
04/11/2014,21:00,49.74,50.09,49.74,50.04,2366534,0
04/14/2014,21:00,50.20,50.20,49.75,49.94,644542,0
04/15/2014,21:00,49.73,49.73,48.71,49.36,1029156,0
04/16/2014,21:00,49.65,49.94,49.51,49.90,645146,0
04/17/2014,21:00,49.91,50.46,49.78,50.28,499377,0
04/21/2014,21:00,50.25,50.25,49.94,50.11,552600,0
04/22/2014,21:00,50.08,50.16,49.96,49.98,1100268,0
04/23/2014,21:00,49.77,49.77,49.41,49.65,539842,0
04/24/2014,21:00,49.82,49.82,49.32,49.72,563242,0
04/25/2014,21:00,49.17,49.17,48.80,49.07,596927,0
04/28/2014,21:00,49.25,49.46,48.94,49.33,601887,0
04/29/2014,21:00,49.56,49.83,49.55,49.59,1024431,0
04/30/2014,21:00,49.28,49.57,49.25,49.56,662337,0
05/01/2014,21:00,49.48,49.67,49.33,49.62,550697,0
05/02/2014,21:00,49.58,49.93,49.42,49.78,3904039,0
05/05/2014,21:00,49.55,49.60,49.36,49.58,1792116,0
05/06/2014,21:00,49.71,50.02,49.61,49.76,407062,0
05/07/2014,21:00,49.70,49.99,49.56,49.98,871455,0
05/08/2014,21:00,50.11,50.24,49.91,49.93,304911,0
05/09/2014,21:00,49.95,49.98,49.74,49.89,643951,0
05/12/2014,21:00,50.28,50.58,50.28,50.57,473827,0
05/13/2014,21:00,50.77,50.90,50.61,50.74,968078,0
05/14/2014,21:00,50.92,51.19,50.70,51.06,846428,0
05/15/2014,21:00,51.05,51.05,50.44,50.65,1305994,0
05/16/2014,21:00,51.18,51.29,50.86,51.25,1700184,0
05/19/2014,21:00,51.25,51.33,51.16,51.28,4432375,0
05/20/2014,21:00,51.07,51.17,50.73,50.82,659786,0
05/21/2014,21:00,51.09,51.26,51.09,51.21,596001,0
05/22/2014,21:00,51.56,51.56,51.41,51.55,1408762,0
05/23/2014,21:00,51.60,51.69,51.53,51.56,580996,0
05/27/2014,21:00,51.37,51.38,50.97,51.13,526041,0
05/28/2014,21:00,51.31,51.52,51.24,51.40,1103187,0
05/29/2014,21:00,51.58,51.62,51.45,51.52,550518,0
05/30/2014,21:00,51.37,51.37,50.86,50.95,1868654,0
06/02/2014,21:00,51.11,51.19,51.02,51.10,1074004,0
06/03/2014,21:00,51.20,51.41,51.05,51.30,534370,0
06/04/2014,21:00,51.11,51.15,50.94,51.08,559331,0
06/05/2014,21:00,51.51,51.65,51.32,51.54,509728,0
06/06/2014,21:00,51.84,52.15,51.84,52.05,954519,0
06/09/2014,21:00,52.09,52.25,51.96,52.22,835925,0
06/10/2014,21:00,52.41,52.50,52.23,52.46,1423141,0
06/11/2014,21:00,52.33,52.37,52.18,52.29,1315418,0
06/12/2014,21:00,52.46,52.46,51.97,52.10,678480,0
06/13/2014,21:00,51.98,52.17,51.87,52.11,625067,0
06/16/2014,21:00,51.88,52.02,51.73,51.87,892184,0
06/17/2014,21:00,51.85,51.87,51.69,51.83,958202,0
06/18/2014,21:00,51.78,52.43,51.61,52.39,561399,0
06/19/2014,21:00,52.25,52.33,52.01,52.16,481023,0
06/20/2014,21:00,52.01,52.08,51.89,52.04,421938,0
06/23/2014,21:00,52.01,52.02,51.78,51.91,410318,0
06/24/2014,21:00,52.22,52.37,51.80,51.89,614492,0
06/25/2014,21:00,51.53,51.61,51.36,51.59,1260655,0
06/26/2014,21:00,51.67,51.70,51.47,51.64,486406,0
06/27/2014,21:00,51.67,51.80,51.50,51.80,411026,0
06/30/2014,21:00,51.87,51.87,51.61,51.70,416623,0
07/01/2014,21:00,51.92,52.15,51.92,52.13,426602,0
07/02/2014,21:00,52.46,52.46,52.31,52.42,889948,0
07/03/2014,21:00,52.40,52.73,52.32,52.72,287478,0
07/07/2014,21:00,52.61,52.70,52.53,52.69,577614,0
07/08/2014,21:00,52.71,52.71,52.35,52.46,819578,0
07/09/2014,21:00,52.49,52.79,52.43,52.75,490047,0
07/10/2014,21:00,52.01,52.49,51.91,52.48,624860,0
07/11/2014,21:00,52.32,52.50,52.25,52.45,752034,0
07/14/2014,21:00,52.75,52.83,52.66,52.83,2699707,0
07/15/2014,21:00,52.90,52.91,52.53,52.77,347748,0
07/16/2014,21:00,53.07,53.07,52.85,52.92,465204,0
07/17/2014,21:00,52.51,52.69,51.90,51.97,629401,0
07/18/2014,21:00,52.62,52.83,52.53,52.76,425234,0
07/21/2014,21:00,52.60,53.00,52.50,52.93,451816,0
07/22/2014,21:00,53.49,53.54,53.39,53.45,506012,0
07/23/2014,21:00,53.52,53.57,53.36,53.44,469690,0
07/24/2014,21:00,53.59,53.69,53.50,53.64,578398,0
07/25/2014,21:00,53.44,53.53,53.31,53.42,725311,0
07/28/2014,21:00,53.58,53.81,53.41,53.80,330295,0
07/29/2014,21:00,53.83,53.83,53.41,53.43,1061891,0
07/30/2014,21:00,53.68,53.69,52.95,53.20,1056140,0
07/31/2014,21:00,52.63,52.69,52.14,52.22,6633677,0
08/01/2014,21:00,52.37,52.70,52.14,52.63,1933322,0
08/04/2014,21:00,52.87,53.16,52.64,53.09,764241,0
08/05/2014,21:00,52.63,52.69,52.17,52.27,3077576,0
08/06/2014,21:00,52.11,52.26,51.98,52.01,2744586,0
08/07/2014,21:00,52.14,52.19,51.61,51.79,457223,0
08/08/2014,21:00,51.91,52.34,51.86,52.27,656244,0
08/11/2014,21:00,52.54,52.90,52.54,52.89,447092,0
08/12/2014,21:00,52.72,52.92,52.58,52.91,1357093,0
08/13/2014,21:00,53.25,53.39,53.10,53.23,419797,0
08/14/2014,21:00,53.34,53.38,53.21,53.30,552930,0
08/15/2014,21:00,53.53,53.53,52.90,53.17,677443,0
08/18/2014,21:00,53.42,53.62,53.23,53.62,377279,0
08/19/2014,21:00,53.73,53.92,53.71,53.91,744636,0
08/20/2014,21:00,53.68,53.89,53.61,53.77,1034723,0
08/21/2014,21:00,53.67,53.74,53.55,53.62,466449,0
08/22/2014,21:00,53.69,53.76,53.35,53.57,465356,0
08/25/2014,21:00,53.77,53.93,53.65,53.93,401825,0
08/26/2014,21:00,53.94,54.23,53.94,54.23,6913572,0
08/27/2014,21:00,54.27,54.44,54.21,54.39,1424286,0
08/28/2014,21:00,53.83,54.00,53.76,53.97,509924,0
08/29/2014,21:00,54.03,54.07,53.84,53.96,493460,0
09/02/2014,21:00,53.94,53.95,53.78,53.94,1384222,0
09/03/2014,21:00,54.77,54.80,54.51,54.62,891071,0
09/04/2014,21:00,54.78,54.85,54.32,54.44,960817,0
09/05/2014,21:00,54.60,54.89,54.42,54.89,1445555,0
09/08/2014,21:00,54.81,54.81,54.19,54.31,3904578,0
09/09/2014,21:00,54.01,54.10,53.50,53.67,3508199,0
09/10/2014,21:00,53.31,53.57,53.13,53.56,2823209,0
09/11/2014,21:00,53.21,53.28,53.10,53.21,4895338,0
09/12/2014,21:00,52.99,52.99,52.51,52.67,1245795,0
09/15/2014,21:00,52.58,52.59,52.26,52.43,844751,0
09/16/2014,21:00,52.36,53.28,52.34,52.99,1880179,0
09/17/2014,21:00,53.04,53.06,52.48,52.48,1868740,0
09/18/2014,21:00,52.65,52.72,52.50,52.59,1348097,0
09/19/2014,21:00,52.79,52.81,52.13,52.30,1658718,0
09/22/2014,21:00,51.96,51.96,51.32,51.53,1752950,0
09/23/2014,21:00,51.30,51.62,51.19,51.22,1280453,0
09/24/2014,21:00,51.58,52.04,51.38,51.96,1142971,0
09/25/2014,21:00,51.21,51.26,50.74,50.81,1440184,0
09/26/2014,21:00,50.84,51.23,50.83,51.10,556042,0
09/29/2014,21:00,50.00,50.28,49.94,50.09,1408905,0
09/30/2014,21:00,49.94,50.14,49.88,50.04,2468105,0
10/01/2014,21:00,49.92,49.92,49.10,49.20,2652803,0
10/02/2014,21:00,49.26,49.66,48.71,49.37,1796059,0
10/03/2014,21:00,49.51,49.86,49.33,49.78,1309693,0
10/06/2014,21:00,50.61,50.67,50.35,50.41,3662408,0
10/07/2014,21:00,50.37,50.40,49.89,49.89,2653078,0
10/08/2014,21:00,50.04,50.70,49.50,50.64,3267972,0
10/09/2014,21:00,50.51,50.53,49.70,49.86,3298839,0
10/10/2014,21:00,49.36,49.49,48.77,48.78,1532913,0
10/13/2014,21:00,49.49,49.88,49.24,49.26,2718801,0
10/14/2014,21:00,49.42,49.75,49.12,49.42,2075942,0
10/15/2014,21:00,48.88,49.02,47.84,48.92,3143376,0
10/16/2014,21:00,47.84,48.91,47.80,48.52,3645497,0
10/17/2014,21:00,48.95,49.27,48.73,48.97,1634248,0
10/20/2014,21:00,48.94,49.18,48.86,49.14,1834107,0
10/21/2014,21:00,49.13,49.53,49.05,49.31,2045165,0
10/22/2014,21:00,49.30,49.38,48.91,49.02,1245738,0
10/23/2014,21:00,49.10,49.30,48.98,49.07,1231840,0
10/24/2014,21:00,49.10,49.54,49.06,49.37,2018852,0
10/27/2014,21:00,48.60,48.93,48.53,48.91,2354003,0
10/28/2014,21:00,49.43,49.92,49.43,49.82,1545285,0
10/29/2014,21:00,50.19,50.32,49.56,49.77,2079962,0
10/30/2014,21:00,49.91,50.42,49.91,50.27,1868230,0
10/31/2014,21:00,50.43,50.59,50.31,50.43,1401325,0
11/03/2014,21:00,50.34,50.43,50.00,50.11,1832560,0
11/04/2014,21:00,50.11,50.18,49.84,50.14,935091,0
11/05/2014,21:00,49.79,49.80,49.47,49.75,960563,0
11/06/2014,21:00,49.58,49.69,49.13,49.15,5221507,0
11/07/2014,21:00,49.19,49.46,49.17,49.45,1979774,0
11/10/2014,21:00,49.88,49.91,49.52,49.54,764721,0
11/11/2014,21:00,49.44,49.59,49.35,49.54,1202642,0
11/12/2014,21:00,49.53,49.73,49.36,49.42,1797804,0
11/13/2014,21:00,49.60,49.72,49.18,49.32,1315656,0
11/14/2014,21:00,49.26,49.69,49.21,49.68,2417248,0
11/17/2014,21:00,49.24,49.25,49.13,49.20,2062343,0
11/18/2014,21:00,49.24,49.49,49.24,49.44,999052,0
11/19/2014,21:00,49.34,49.58,49.11,49.45,1636900,0
11/20/2014,21:00,49.43,49.56,49.31,49.35,1259123,0
11/21/2014,21:00,50.51,50.74,50.28,50.72,2432284,0
11/24/2014,21:00,50.48,50.48,50.29,50.37,883956,0
11/25/2014,21:00,50.48,50.48,50.05,50.09,1640537,0
11/26/2014,21:00,50.48,50.70,50.44,50.65,1057303,0
11/28/2014,21:00,50.11,50.22,49.71,49.79,837879,0
12/01/2014,21:00,49.29,49.29,48.89,48.99,5239815,0
12/02/2014,21:00,49.17,49.17,48.93,48.96,2326988,0
12/03/2014,21:00,49.13,49.28,49.06,49.13,1052322,0
12/04/2014,21:00,49.36,49.42,49.12,49.21,1552935,0
12/05/2014,21:00,49.04,49.24,48.91,49.15,987474,0
12/08/2014,21:00,48.86,48.86,48.38,48.45,1456499,0
12/09/2014,21:00,47.95,48.03,47.75,48.01,2227755,0
12/10/2014,21:00,47.92,47.92,47.29,47.37,2862837,0
12/11/2014,21:00,47.18,47.39,46.90,46.98,1899384,0
12/12/2014,21:00,46.83,46.88,46.25,46.27,3209892,0
12/15/2014,21:00,46.30,46.40,45.40,45.57,3036729,0
12/16/2014,21:00,45.11,46.09,44.96,45.44,4765803,0
12/17/2014,21:00,45.05,46.32,44.91,45.88,5867654,0
12/18/2014,21:00,46.37,46.56,46.04,46.32,3596514,0
12/19/2014,21:00,46.39,46.78,46.39,46.56,4086901,0
12/22/2014,21:00,47.04,47.22,47.00,47.10,8904241,0
12/23/2014,21:00,46.79,46.95,46.53,46.69,3682353,0
12/24/2014,21:00,46.75,46.86,46.64,46.82,1553784,0
12/26/2014,21:00,47.24,47.39,47.15,47.18,1616304,0
12/29/2014,21:00,47.16,47.27,46.98,46.99,3027966,0
12/30/2014,21:00,47.04,47.14,46.91,47.02,2177066,0
12/31/2014,21:00,47.24,47.32,47.01,47.03,1822074,0
01/02/2015,21:00,46.96,47.00,46.46,46.59,3759596,0
01/05/2015,21:00,46.34,46.40,45.78,45.88,2753518,0
01/06/2015,21:00,45.91,46.06,45.40,45.64,3063912,0
01/07/2015,21:00,46.47,46.62,46.25,46.58,2111356,0
01/08/2015,21:00,47.25,47.54,47.16,47.41,1520595,0
01/09/2015,21:00,47.42,47.50,47.08,47.24,1850803,0
01/12/2015,21:00,47.21,47.23,46.82,46.89,1456228,0
01/13/2015,21:00,47.47,47.66,46.89,47.27,2392197,0
01/14/2015,21:00,46.85,47.11,46.67,47.07,1609031,0
01/15/2015,21:00,47.62,47.71,47.05,47.10,1709166,0
01/16/2015,21:00,47.00,47.49,46.97,47.43,2943508,0
01/20/2015,21:00,47.20,47.40,47.11,47.34,1994655,0
01/21/2015,21:00,47.81,48.32,47.71,48.27,2296639,0
01/22/2015,21:00,48.58,49.17,48.32,49.14,3315768,0
01/23/2015,21:00,49.03,49.03,48.78,48.80,1781382,0
01/26/2015,21:00,48.70,48.97,48.58,48.82,3653278,0
01/27/2015,21:00,48.35,48.71,48.31,48.63,1802456,0
01/28/2015,21:00,48.63,48.63,48.02,48.10,1726320,0
01/29/2015,21:00,48.19,48.23,47.72,48.18,1505276,0
01/30/2015,21:00,47.30,47.55,46.99,47.02,4877372,0
02/02/2015,21:00,47.54,47.95,47.45,47.81,2052546,0
02/03/2015,21:00,48.31,48.68,48.23,48.62,1734558,0
02/04/2015,21:00,48.54,48.79,48.35,48.41,1102918,0
02/05/2015,21:00,48.29,48.72,48.28,48.71,1305161,0
02/06/2015,21:00,48.05,48.22,47.77,47.93,1635818,0
02/09/2015,21:00,47.74,47.96,47.74,47.85,946334,0
02/10/2015,21:00,47.70,47.77,47.55,47.74,2009081,0
02/11/2015,21:00,47.34,47.58,47.13,47.43,1252484,0
02/12/2015,21:00,47.96,48.44,47.92,48.39,1360454,0
02/13/2015,21:00,48.63,48.89,48.59,48.87,1694405,0
02/17/2015,21:00,48.73,48.77,48.42,48.76,1055325,0
02/18/2015,21:00,48.57,48.81,48.46,48.78,871967,0
02/19/2015,21:00,48.48,48.81,48.39,48.59,681542,0
02/20/2015,21:00,48.48,48.93,48.36,48.86,1045571,0
02/23/2015,21:00,48.65,48.68,48.36,48.48,1082402,0
02/24/2015,21:00,48.69,49.20,48.50,49.09,1476902,0
02/25/2015,21:00,48.90,49.11,48.90,49.03,7489357,0
02/26/2015,21:00,49.05,49.10,48.96,48.99,970051,0
02/27/2015,21:00,48.95,49.26,48.95,49.00,2904203,0
03/02/2015,21:00,48.92,48.97,48.79,48.96,2141616,0
03/03/2015,21:00,48.70,48.78,48.62,48.64,1614978,0
03/04/2015,21:00,48.33,48.33,47.96,48.21,1546328,0
03/05/2015,21:00,48.23,48.35,47.98,48.15,792659,0
03/06/2015,21:00,47.83,47.84,47.32,47.46,2154255,0
03/09/2015,21:00,47.47,47.56,47.26,47.28,1533936,0
03/10/2015,21:00,46.61,46.62,46.24,46.25,3125666,0
03/11/2015,21:00,46.48,46.65,46.38,46.55,1875989,0
03/12/2015,21:00,47.17,47.20,46.80,46.87,916218,0
03/13/2015,21:00,46.51,46.53,46.07,46.29,2324700,0
03/16/2015,21:00,46.80,46.91,46.67,46.86,1149137,0
03/17/2015,21:00,46.89,47.35,46.86,47.32,2377230,0
03/18/2015,21:00,47.22,48.51,47.13,48.36,2608037,0
03/19/2015,21:00,47.86,47.93,47.48,47.62,1827564,0
03/20/2015,21:00,48.07,48.39,48.02,48.25,1865279,0
03/23/2015,21:00,48.38,48.48,48.22,48.44,2279634,0
03/24/2015,21:00,48.47,48.59,48.40,48.56,2136856,0
03/25/2015,21:00,48.56,48.59,47.85,47.87,2310261,0
03/26/2015,21:00,47.74,47.74,47.34,47.54,3447553,0
03/27/2015,21:00,47.60,47.72,47.49,47.67,1280418,0
03/30/2015,21:00,48.19,48.56,48.15,48.48,4136897,0
03/31/2015,21:00,48.23,48.44,48.14,48.33,3460135,0
04/01/2015,21:00,48.85,49.00,48.66,49.00,3943587,0
04/02/2015,21:00,49.40,49.75,49.32,49.65,2181757,0
04/06/2015,21:00,50.13,50.55,50.03,50.31,931865,0
04/07/2015,21:00,50.24,50.33,50.05,50.06,1225908,0
04/08/2015,21:00,51.19,51.25,50.83,51.09,1865897,0
04/09/2015,21:00,51.42,51.62,51.23,51.59,1410738,0
04/10/2015,21:00,51.56,51.65,51.37,51.63,1255708,0
04/13/2015,21:00,51.74,51.92,51.38,51.40,1405303,0
04/14/2015,21:00,51.47,51.71,51.29,51.63,1652794,0
04/15/2015,21:00,51.56,51.92,51.48,51.89,1839699,0
04/16/2015,21:00,52.16,52.58,52.01,52.38,1349329,0
04/17/2015,21:00,51.51,51.86,51.05,51.36,9350082,0
04/20/2015,21:00,51.35,51.50,51.33,51.36,1720366,0
04/21/2015,21:00,51.86,51.88,51.63,51.66,1402347,0
04/22/2015,21:00,51.98,52.25,51.87,52.16,1640052,0
04/23/2015,21:00,52.03,52.68,52.03,52.56,1594263,0
04/24/2015,21:00,52.93,52.93,52.63,52.69,1102579,0
04/27/2015,21:00,52.95,53.05,52.87,52.89,4295406,0
04/28/2015,21:00,52.99,53.17,52.85,53.06,3855943,0
04/29/2015,21:00,52.53,52.69,52.34,52.47,3518570,0
04/30/2015,21:00,52.05,52.06,51.75,51.84,5331024,0
05/01/2015,21:00,51.90,52.15,51.74,52.04,1747026,0
05/04/2015,21:00,52.06,52.37,52.06,52.32,1762569,0
05/05/2015,21:00,52.11,52.12,51.77,51.81,1671251,0
05/06/2015,21:00,51.84,51.88,51.08,51.20,1716332,0
05/07/2015,21:00,50.94,51.07,50.76,51.04,2304620,0
05/08/2015,21:00,51.55,51.94,51.52,51.74,1244297,0
05/11/2015,21:00,51.68,51.74,51.21,51.22,1380530,0
05/12/2015,21:00,50.93,51.27,50.85,51.12,2504841,0
05/13/2015,21:00,51.62,51.66,51.25,51.27,1701385,0
05/14/2015,21:00,51.62,51.88,51.58,51.83,853697,0
05/15/2015,21:00,51.78,52.16,51.68,52.16,1317942,0
05/18/2015,21:00,51.96,51.96,51.69,51.71,1172660,0
05/19/2015,21:00,51.84,51.91,51.73,51.80,884742,0
05/20/2015,21:00,51.73,51.94,51.58,51.80,1239014,0
05/21/2015,21:00,51.46,51.66,51.35,51.64,1077474,0
05/22/2015,21:00,51.89,51.95,51.70,51.78,1642556,0
05/26/2015,21:00,51.53,51.53,50.91,51.01,1616221,0
05/27/2015,21:00,50.71,51.12,50.62,51.08,1161347,0
05/28/2015,21:00,50.29,50.50,50.20,50.44,1589208,0
05/29/2015,21:00,50.46,50.46,49.95,49.95,3238374,0
06/01/2015,21:00,50.01,50.10,49.70,49.85,1682290,0
06/02/2015,21:00,49.78,50.19,49.69,50.00,1585243,0
06/03/2015,21:00,49.77,49.89,49.63,49.77,2206877,0
06/04/2015,21:00,49.39,49.46,49.01,49.06,2142395,0
06/05/2015,21:00,48.72,48.99,48.57,48.78,2071072,0
06/08/2015,21:00,48.87,48.88,48.73,48.81,2298650,0
06/09/2015,21:00,48.56,48.59,48.40,48.46,1942449,0
06/10/2015,21:00,48.92,49.15,48.86,49.07,1452701,0
06/11/2015,21:00,48.99,49.00,48.77,48.96,1310176,0
06/12/2015,21:00,48.89,49.03,48.75,48.92,1347367,0
06/15/2015,21:00,48.36,48.44,48.23,48.42,1660246,0
06/16/2015,21:00,48.25,48.46,48.16,48.39,1149467,0
06/17/2015,21:00,48.42,48.92,48.15,48.69,1950167,0
06/18/2015,21:00,49.13,49.34,49.01,49.19,1707352,0
06/19/2015,21:00,48.97,49.12,48.81,48.82,1296079,0
06/22/2015,21:00,49.58,49.61,49.39,49.39,1951581,0
06/23/2015,21:00,49.71,49.89,49.58,49.88,1829222,0
06/24/2015,21:00,49.81,49.89,49.55,49.55,5472131,0
06/25/2015,21:00,49.23,49.24,48.90,48.90,1895918,0
06/26/2015,21:00,48.58,48.73,48.45,48.55,1710722,0
06/29/2015,21:00,47.96,47.96,47.38,47.39,2390671,0
06/30/2015,21:00,48.25,48.25,47.90,48.04,1925190,0
07/01/2015,21:00,48.35,48.38,47.95,48.11,3824562,0
07/02/2015,21:00,48.38,48.53,48.24,48.30,1514794,0
07/06/2015,21:00,47.34,47.34,46.70,46.88,2310050,0
07/07/2015,21:00,45.93,46.16,45.27,46.08,4656062,0
07/08/2015,21:00,45.16,45.16,44.41,44.44,4722187,0
07/09/2015,21:00,45.32,46.66,45.32,45.41,7708695,0
07/10/2015,21:00,46.55,46.69,46.25,46.56,4019021,0
07/13/2015,21:00,46.89,46.98,46.77,46.92,4506611,0
07/14/2015,21:00,46.73,47.03,46.67,47.00,1786916,0
07/15/2015,21:00,46.69,46.72,46.39,46.47,2413034,0
07/16/2015,21:00,46.90,47.08,46.85,47.05,1824653,0
07/17/2015,21:00,47.09,47.12,46.91,46.98,1895899,0
07/20/2015,21:00,46.55,46.78,46.39,46.69,2610900,0
07/21/2015,21:00,46.80,46.90,46.68,46.71,1926463,0
07/22/2015,21:00,46.36,46.36,46.05,46.10,3797345,0
07/23/2015,21:00,46.11,46.11,45.65,45.70,2724245,0
07/24/2015,21:00,45.36,45.36,44.82,45.05,2145009,0
07/27/2015,21:00,44.29,44.35,44.03,44.12,4846263,0
07/28/2015,21:00,44.53,44.60,44.19,44.59,3642816,0
07/29/2015,21:00,44.71,45.15,44.57,45.01,4128064,0
07/30/2015,21:00,44.58,44.62,44.30,44.56,2834001,0
07/31/2015,21:00,44.99,45.12,44.76,44.89,4101719,0
08/03/2015,21:00,44.34,44.42,44.02,44.19,3958842,0
08/04/2015,21:00,44.55,44.65,44.21,44.35,2391702,0
08/05/2015,21:00,44.78,44.80,44.33,44.43,2473599,0
08/06/2015,21:00,44.19,44.22,43.96,44.09,3085184,0
08/07/2015,21:00,44.10,44.24,43.98,44.08,2372064,0
08/10/2015,21:00,44.37,44.85,44.27,44.85,2776747,0
08/11/2015,21:00,43.96,43.96,43.45,43.74,4011573,0
08/12/2015,21:00,43.05,43.23,42.81,43.14,5968424,0
08/13/2015,21:00,43.24,43.33,43.05,43.10,3851140,0
08/14/2015,21:00,43.25,43.34,43.14,43.21,3121714,0
08/17/2015,21:00,42.60,42.77,42.51,42.73,2797470,0
08/18/2015,21:00,42.22,42.38,42.14,42.25,2348060,0
08/19/2015,21:00,41.89,42.11,41.37,41.70,5124796,0
08/20/2015,21:00,41.20,41.26,40.95,41.03,5252425,0
08/21/2015,21:00,40.48,40.55,39.68,39.70,6880886,0
08/24/2015,21:00,38.91,39.03,36.51,37.89,16638576,0
08/25/2015,21:00,38.64,40.82,38.47,38.49,12050559,0
08/26/2015,21:00,39.25,39.88,38.73,39.80,9908093,0
08/27/2015,21:00,40.49,41.39,40.36,41.38,9089577,0
08/28/2015,21:00,40.88,41.11,40.66,40.91,6177508,0
08/31/2015,21:00,40.57,40.88,40.27,40.69,6743217,0
09/01/2015,21:00,39.88,39.93,39.13,39.29,7089551,0
09/02/2015,21:00,39.88,39.96,39.48,39.96,3763297,0
09/03/2015,21:00,40.05,40.53,39.94,40.05,4627988,0
09/04/2015,21:00,39.32,39.36,38.62,38.80,4072489,0
09/08/2015,21:00,39.92,40.07,39.69,40.07,3342543,0
09/09/2015,21:00,40.72,40.83,39.89,39.92,5594879,0
09/10/2015,21:00,39.98,40.56,39.94,40.36,4343076,0
09/11/2015,21:00,40.28,40.55,40.17,40.54,3205909,0
09/14/2015,21:00,40.38,40.47,40.14,40.44,3349895,0
09/15/2015,21:00,40.45,40.89,40.39,40.80,3306672,0
09/16/2015,21:00,41.45,41.88,41.37,41.75,3181164,0
09/17/2015,21:00,41.36,42.61,41.36,41.72,3426706,0
09/18/2015,21:00,41.23,41.57,40.83,40.97,4046912,0
09/21/2015,21:00,41.10,41.12,40.81,41.01,6735923,0
09/22/2015,21:00,40.16,40.27,39.93,40.24,4125995,0
09/23/2015,21:00,40.04,40.10,39.63,39.66,3701156,0
09/24/2015,21:00,39.14,39.64,38.89,39.50,12972320,0
09/25/2015,21:00,40.04,40.04,39.39,39.47,4233196,0
09/28/2015,21:00,39.16,39.17,38.53,38.55,7536072,0
09/29/2015,21:00,38.72,38.98,38.56,38.83,4505801,0
09/30/2015,21:00,39.75,39.98,39.55,39.89,5799932,0
10/01/2015,21:00,40.24,40.32,39.84,40.14,4875932,0
10/02/2015,21:00,39.92,41.07,39.82,41.06,4119418,0
10/05/2015,21:00,41.52,41.93,41.49,41.92,5035358,0
10/06/2015,21:00,41.77,41.91,41.61,41.83,4459837,0
10/07/2015,21:00,42.67,43.11,42.57,42.80,4554920,0
10/08/2015,21:00,42.68,43.30,42.55,43.27,3301537,0
10/09/2015,21:00,43.61,43.77,43.23,43.39,3426641,0
10/12/2015,21:00,43.48,43.50,43.12,43.18,3111824,0
10/13/2015,21:00,42.68,42.98,42.46,42.49,2699193,0
10/14/2015,21:00,42.77,43.00,42.68,42.85,6945482,0
10/15/2015,21:00,43.59,43.86,43.33,43.86,4456516,0
10/16/2015,21:00,43.68,43.86,43.49,43.80,3911215,0
10/19/2015,21:00,43.44,43.44,43.22,43.37,2115285,0
10/20/2015,21:00,43.36,43.50,43.26,43.36,2635552,0
10/21/2015,21:00,43.17,43.21,42.80,42.84,5132735,0
10/22/2015,21:00,43.29,43.74,43.21,43.68,2967326,0
10/23/2015,21:00,43.98,44.04,43.74,43.90,2574283,0
10/26/2015,21:00,43.71,43.72,43.49,43.55,2124800,0
10/27/2015,21:00,43.16,43.23,42.99,43.11,2246232,0
10/28/2015,21:00,43.22,43.38,42.43,42.70,5599495,0
10/29/2015,21:00,42.22,42.48,42.19,42.32,2173724,0
10/30/2015,21:00,42.59,42.59,42.33,42.34,6246784,0
11/02/2015,21:00,42.70,43.14,42.66,43.14,3223583,0
11/03/2015,21:00,43.01,43.79,43.00,43.66,7663348,0
11/04/2015,21:00,43.87,43.91,43.22,43.36,3201490,0
11/05/2015,21:00,43.34,43.54,43.16,43.35,3520014,0
11/06/2015,21:00,42.50,42.88,42.28,42.84,3686979,0
11/09/2015,21:00,42.23,42.33,41.72,41.79,5295769,0
11/10/2015,21:00,41.67,41.72,41.45,41.66,3014990,0
11/11/2015,21:00,41.95,41.95,41.65,41.76,1921595,0
11/12/2015,21:00,41.59,41.79,41.29,41.33,2848849,0
11/13/2015,21:00,41.18,41.19,40.67,40.80,4418738,0
11/16/2015,21:00,40.88,41.57,40.83,41.56,4159701,0
11/17/2015,21:00,41.61,41.66,41.36,41.46,2969236,0
11/18/2015,21:00,41.42,41.92,41.35,41.88,6579235,0
11/19/2015,21:00,42.14,42.31,42.05,42.21,6256718,0
11/20/2015,21:00,42.56,42.78,42.49,42.61,6221985,0
11/23/2015,21:00,42.40,42.49,42.18,42.26,4648386,0
11/24/2015,21:00,42.02,42.51,41.95,42.43,4272255,0
11/25/2015,21:00,42.24,42.24,42.02,42.19,3440915,0
11/27/2015,21:00,41.67,41.67,41.34,41.40,1168450,0
11/30/2015,21:00,41.20,41.39,41.12,41.37,5823684,0
12/01/2015,21:00,41.54,41.70,41.46,41.70,5349098,0
12/02/2015,21:00,41.48,41.48,41.05,41.24,4595293,0
12/03/2015,21:00,41.39,41.40,40.85,41.02,6460200,0
12/04/2015,21:00,40.77,41.33,40.70,41.28,4102217,0
12/07/2015,21:00,40.92,40.93,40.52,40.63,6146079,0
12/08/2015,21:00,39.82,40.17,39.70,40.17,6626855,0
12/09/2015,21:00,40.00,40.37,39.70,39.81,7878699,0
12/10/2015,21:00,39.73,39.87,39.48,39.52,7570819,0
12/11/2015,21:00,38.75,38.76,38.42,38.47,7986055,0
12/14/2015,21:00,38.86,39.05,38.51,39.03,8891464,0
12/15/2015,21:00,39.51,39.77,39.47,39.66,8725507,0
12/16/2015,21:00,39.96,40.56,39.77,40.36,10536573,0
12/17/2015,21:00,40.34,40.41,39.87,39.89,7386043,0
12/18/2015,21:00,40.01,40.02,39.73,39.74,7148822,0
12/21/2015,21:00,39.67,39.67,39.29,39.53,6684296,0
12/22/2015,21:00,39.57,39.86,39.52,39.86,7572270,0
12/23/2015,21:00,40.10,40.35,40.04,40.34,8273832,0
12/24/2015,21:00,40.15,40.24,40.10,40.17,2660372,0
12/28/2015,21:00,39.94,39.96,39.76,39.94,4566129,0
12/29/2015,21:00,40.10,40.14,39.94,40.02,6215855,0
12/30/2015,21:00,39.65,39.71,39.42,39.45,5423185,0
12/31/2015,21:00,39.51,39.61,39.36,39.39,6550317,0
01/04/2016,21:00,38.42,38.42,38.04,38.39,6750871,0
01/05/2016,21:00,38.55,38.58,38.36,38.48,5367173,0
01/06/2016,21:00,37.81,38.02,37.64,37.79,6487095,0
01/07/2016,21:00,36.99,37.33,36.63,36.65,8851560,0
01/08/2016,21:00,36.92,37.00,36.23,36.30,8229543,0
01/11/2016,21:00,36.59,36.59,35.92,36.26,6296024,0
01/12/2016,21:00,36.44,36.63,36.03,36.29,7252925,0
01/13/2016,21:00,36.73,36.77,35.81,35.90,8054381,0
01/14/2016,21:00,35.91,36.45,35.67,36.36,8974538,0
01/15/2016,21:00,34.97,35.14,34.46,34.86,8378232,0
01/19/2016,21:00,35.79,35.79,35.18,35.44,6732290,0
01/20/2016,21:00,34.62,34.93,33.91,34.69,9857802,0
01/21/2016,21:00,34.76,35.26,34.44,34.85,7856633,0
01/22/2016,21:00,35.84,35.94,35.60,35.94,13047303,0
01/25/2016,21:00,35.71,35.84,35.33,35.36,6726364,0
01/26/2016,21:00,35.53,35.90,35.48,35.83,4285831,0
01/27/2016,21:00,35.81,36.18,35.45,35.68,6207731,0
01/28/2016,21:00,36.29,36.38,35.92,36.21,7631179,0
01/29/2016,21:00,36.78,37.35,36.66,37.34,7764150,0
02/01/2016,21:00,36.84,37.09,36.64,37.02,5276724,0
02/02/2016,21:00,36.44,36.46,35.82,35.91,7342660,0
02/03/2016,21:00,36.29,36.87,35.66,36.83,12832258,0
02/04/2016,21:00,37.10,37.50,36.85,37.05,9343438,0
02/05/2016,21:00,37.02,37.03,36.50,36.65,6399702,0
02/08/2016,21:00,36.21,36.31,35.74,36.18,8285118,0
02/09/2016,21:00,35.60,36.07,35.34,35.68,8753245,0
02/10/2016,21:00,36.13,36.48,35.83,35.83,9542251,0
02/11/2016,21:00,35.13,35.47,34.97,35.27,9592357,0
02/12/2016,21:00,35.47,35.80,35.32,35.79,4981932,0
02/16/2016,21:00,36.46,36.57,36.26,36.53,6888966,0
02/17/2016,21:00,36.74,37.32,36.74,37.25,5428764,0
02/18/2016,21:00,37.33,37.34,36.93,37.02,4327261,0
02/19/2016,21:00,36.81,37.05,36.70,36.87,4017627,0
02/22/2016,21:00,37.47,37.77,37.41,37.76,4645439,0
02/23/2016,21:00,37.48,37.49,36.95,36.99,3547833,0
02/24/2016,21:00,36.41,37.06,36.24,36.93,4996954,0
02/25/2016,21:00,36.82,37.08,36.61,37.05,5228455,0
02/26/2016,21:00,37.25,37.26,36.65,36.68,4238417,0
02/29/2016,21:00,37.07,37.32,36.97,36.98,7779501,0
03/01/2016,21:00,37.76,38.31,37.63,38.30,4321080,0
03/02/2016,21:00,38.28,38.78,38.24,38.78,5338009,0
03/03/2016,21:00,38.77,39.18,38.72,39.16,3624761,0
03/04/2016,21:00,39.55,40.10,39.46,39.94,7831534,0
03/07/2016,21:00,39.55,40.05,39.52,39.85,4727820,0
03/08/2016,21:00,39.39,39.46,39.07,39.22,6104502,0
03/09/2016,21:00,39.41,39.68,39.35,39.43,4582142,0
03/10/2016,21:00,39.67,39.75,38.98,39.52,6019402,0
03/11/2016,21:00,40.06,40.41,40.05,40.38,3771806,0
03/14/2016,21:00,40.20,40.31,39.98,40.09,3141847,0
03/15/2016,21:00,39.50,39.53,39.31,39.52,2298355,0
03/16/2016,21:00,39.22,40.39,39.15,40.30,4700393,0
03/17/2016,21:00,40.78,41.23,40.61,41.16,3778805,0
03/18/2016,21:00,41.36,41.50,41.27,41.29,4202037,0
03/21/2016,21:00,41.26,41.51,41.25,41.45,2636273,0
03/22/2016,21:00,41.14,41.52,41.08,41.35,3572179,0
03/23/2016,21:00,41.04,41.04,40.64,40.65,4143715,0
03/24/2016,21:00,40.35,40.59,40.16,40.57,3272281,0
03/28/2016,21:00,40.63,40.72,40.52,40.72,2133207,0
03/29/2016,21:00,40.50,41.25,40.39,41.22,2537148,0
03/30/2016,21:00,41.84,42.01,41.65,41.68,3197376,0
03/31/2016,21:00,41.87,41.94,41.55,41.62,4879066,0
04/01/2016,21:00,40.84,41.60,40.69,41.54,6531599,0
04/04/2016,21:00,41.51,41.53,41.05,41.10,3092868,0
04/05/2016,21:00,40.51,40.60,40.26,40.33,4394504,0
04/06/2016,21:00,40.28,40.85,40.14,40.85,4868518,0
04/07/2016,21:00,40.36,40.38,39.95,40.07,3770711,0
04/08/2016,21:00,40.91,40.96,40.62,40.71,3271081,0
04/11/2016,21:00,41.33,41.51,41.19,41.20,4374570,0
04/12/2016,21:00,41.40,41.94,41.20,41.83,6323781,0
04/13/2016,21:00,42.43,42.53,42.28,42.52,6655677,0
04/14/2016,21:00,42.45,42.46,42.26,42.34,5362891,0
04/15/2016,21:00,42.25,42.32,42.10,42.12,3320937,0
04/18/2016,21:00,41.99,42.49,41.89,42.32,5618712,0
04/19/2016,21:00,42.68,43.03,42.68,42.97,5783530,0
04/20/2016,21:00,42.60,42.94,42.46,42.74,4691255,0
04/21/2016,21:00,42.63,42.63,42.23,42.30,3535613,0
04/22/2016,21:00,42.16,42.41,42.01,42.08,4766588,0
04/25/2016,21:00,42.03,42.04,41.77,41.85,3176557,0
04/26/2016,21:00,42.15,42.25,42.01,42.23,4556563,0
04/27/2016,21:00,42.09,42.53,41.96,42.45,3735454,0
04/28/2016,21:00,42.06,42.40,41.97,42.07,2749884,0
04/29/2016,21:00,41.95,42.09,41.56,41.90,4567999,0
05/02/2016,21:00,41.88,41.90,41.60,41.80,6434120,0
05/03/2016,21:00,41.10,41.13,40.67,40.72,6784276,0
05/04/2016,21:00,40.50,40.51,40.07,40.13,6120285,0
05/05/2016,21:00,40.47,40.55,40.00,40.12,4341092,0
05/06/2016,21:00,39.98,40.31,39.92,40.19,3348966,0
05/09/2016,21:00,40.10,40.10,39.55,39.63,3788686,0
05/10/2016,21:00,40.09,40.43,40.02,40.42,5269877,0
05/11/2016,21:00,40.35,40.58,40.23,40.33,3660163,0
05/12/2016,21:00,40.55,40.57,40.07,40.21,4056902,0
05/13/2016,21:00,39.91,40.05,39.43,39.52,3169142,0
05/16/2016,21:00,39.88,40.08,39.82,39.95,2914185,0
05/17/2016,21:00,39.92,40.08,39.69,39.79,7790627,0
05/18/2016,21:00,39.58,40.65,39.25,39.48,36141382,0
05/19/2016,21:00,39.17,39.22,38.90,39.16,13545725,0
05/20/2016,21:00,39.51,39.60,39.42,39.52,9181360,0
05/23/2016,21:00,39.46,39.64,39.39,39.43,7446203,0
05/24/2016,21:00,39.61,39.87,39.58,39.82,4683082,0
05/25/2016,21:00,40.14,40.37,40.11,40.21,8510543,0
05/26/2016,21:00,40.49,40.55,40.27,40.44,5599684,0
05/27/2016,21:00,40.56,40.64,40.32,40.44,3334691,0
05/31/2016,21:00,40.59,40.65,40.38,40.47,6992606,0
06/01/2016,21:00,40.37,40.56,40.26,40.48,3793920,0
06/02/2016,21:00,40.50,40.82,40.39,40.79,3636917,0
06/03/2016,21:00,41.20,41.38,40.97,41.36,6762695,0
06/06/2016,21:00,41.53,41.79,41.47,41.69,9798677,0
06/07/2016,21:00,41.95,42.15,41.95,42.08,5899446,0
06/08/2016,21:00,42.34,42.45,42.24,42.38,4236473,0
06/09/2016,21:00,41.88,41.98,41.78,41.91,3314097,0
06/10/2016,21:00,41.13,41.26,40.82,40.93,4730184,0
06/13/2016,21:00,40.44,40.72,40.31,40.36,4063786,0
06/14/2016,21:00,40.26,40.43,39.94,40.24,5315474,0
06/15/2016,21:00,40.61,40.97,40.53,40.60,7689637,0
06/16/2016,21:00,39.99,40.50,39.69,40.50,4744293,0
06/17/2016,21:00,40.54,40.59,40.28,40.56,6183201,0
06/20/2016,21:00,41.33,41.51,41.20,41.23,5223465,0
06/21/2016,21:00,41.46,41.66,41.23,41.56,4673776,0
06/22/2016,21:00,41.40,41.52,41.20,41.22,9839887,0
06/23/2016,21:00,41.81,42.22,41.61,42.20,6261767,0
06/24/2016,21:00,39.85,40.65,39.63,39.73,13088953,0
06/27/2016,21:00,39.65,39.65,38.86,39.27,8940579,0
06/28/2016,21:00,40.26,40.44,40.05,40.43,7476069,0
06/29/2016,21:00,41.16,41.40,41.09,41.39,5285745,0
06/30/2016,21:00,41.57,41.88,41.39,41.84,7259321,0
07/01/2016,21:00,42.05,42.24,42.00,42.15,5497972,0
07/05/2016,21:00,41.66,41.66,41.26,41.35,5275967,0
07/06/2016,21:00,40.78,41.24,40.62,41.19,5126235,0
07/07/2016,21:00,41.42,41.54,41.02,41.13,4760608,0
07/08/2016,21:00,41.61,41.99,41.54,41.97,4561515,0
07/11/2016,21:00,42.24,42.48,42.24,42.31,6756279,0
07/12/2016,21:00,42.86,43.04,42.76,42.93,5969110,0
07/13/2016,21:00,42.92,42.96,42.60,42.83,5141268,0
07/14/2016,21:00,43.33,43.54,43.21,43.42,7184437,0
07/15/2016,21:00,43.43,43.43,43.17,43.33,11761417,0
07/18/2016,21:00,43.17,43.68,43.17,43.67,5493135,0
07/19/2016,21:00,43.37,43.37,43.13,43.24,4060898,0
07/20/2016,21:00,43.35,43.56,43.25,43.47,2562113,0
07/21/2016,21:00,43.38,43.56,43.25,43.37,3448167,0
07/22/2016,21:00,43.53,43.69,43.40,43.67,2992241,0
07/25/2016,21:00,43.53,43.53,43.21,43.26,2019638,0
07/26/2016,21:00,43.50,43.65,43.41,43.56,8469845,0
07/27/2016,21:00,43.72,43.84,43.31,43.70,5891653,0
07/28/2016,21:00,43.70,43.75,43.48,43.71,4413117,0
07/29/2016,21:00,43.79,44.03,43.60,43.97,7389082,0
08/01/2016,21:00,44.18,44.18,43.85,43.87,4583282,0
08/02/2016,21:00,43.88,43.94,43.31,43.62,7443640,0
08/03/2016,21:00,43.34,43.78,43.25,43.76,2235968,0
08/04/2016,21:00,43.83,44.16,43.78,44.01,3323904,0
08/05/2016,21:00,44.27,44.51,44.19,44.49,2006633,0
08/08/2016,21:00,44.74,44.83,44.70,44.77,2601563,0
08/09/2016,21:00,44.91,45.24,44.91,45.10,4522547,0
08/10/2016,21:00,45.31,45.33,44.97,45.08,2988898,0
08/11/2016,21:00,45.25,45.63,45.21,45.62,4865898,0
08/12/2016,21:00,45.49,45.60,45.29,45.47,4069914,0
08/15/2016,21:00,45.76,46.03,45.76,45.93,3600494,0
08/16/2016,21:00,45.85,45.85,45.58,45.68,4195438,0
08/17/2016,21:00,45.31,45.52,45.00,45.46,8162782,0
08/18/2016,21:00,45.72,45.85,45.59,45.85,4659931,0
08/19/2016,21:00,45.32,45.62,45.19,45.59,7340450,0
08/22/2016,21:00,45.17,45.18,44.87,44.97,6365065,0
08/23/2016,21:00,45.38,45.47,44.81,44.81,4055124,0
08/24/2016,21:00,44.82,45.00,44.70,44.93,4473264,0
08/25/2016,21:00,44.82,45.00,44.74,44.95,7488690,0
08/26/2016,21:00,45.09,45.53,44.30,44.62,8545305,0
08/29/2016,21:00,44.68,45.01,44.61,44.93,6070426,0
08/30/2016,21:00,45.05,45.16,44.80,44.88,6698323,0
08/31/2016,21:00,44.65,44.69,44.30,44.41,10875397,0
09/01/2016,21:00,44.41,44.76,44.37,44.76,8896135,0
09/02/2016,21:00,45.30,45.43,45.14,45.36,10920220,0
09/06/2016,21:00,45.99,46.38,45.93,46.29,15342831,0
09/07/2016,21:00,46.34,46.36,46.12,46.22,11295840,0
09/08/2016,21:00,46.24,46.35,46.02,46.05,6701238,0
09/09/2016,21:00,45.41,45.44,44.60,44.60,7019319,0
09/12/2016,21:00,44.05,45.08,43.97,44.97,6823864,0
09/13/2016,21:00,44.27,44.41,43.63,43.85,12658409,0
09/14/2016,21:00,44.07,44.47,43.98,44.02,13256758,0
09/15/2016,21:00,44.39,44.87,44.15,44.77,8193678,0
09/16/2016,21:00,44.38,44.55,44.10,44.50,5618479,0
09/19/2016,21:00,45.01,45.16,44.76,44.80,4158191,0
09/20/2016,21:00,45.12,45.15,44.82,44.82,3973899,0
09/21/2016,21:00,45.29,46.09,45.16,46.05,7899377,0
09/22/2016,21:00,46.38,46.54,46.16,46.30,12461453,0
09/23/2016,21:00,45.98,46.06,45.70,45.70,5934987,0
09/26/2016,21:00,45.36,45.43,45.10,45.12,3198189,0
09/27/2016,21:00,45.44,45.76,45.27,45.76,4552964,0
09/28/2016,21:00,45.84,46.18,45.45,46.16,5203197,0
09/29/2016,21:00,45.90,46.00,45.21,45.36,6747579,0
09/30/2016,21:00,45.61,45.75,45.39,45.61,7078554,0
10/03/2016,21:00,45.70,45.96,45.53,45.88,11601623,0
10/04/2016,21:00,45.87,46.00,45.28,45.41,11590240,0
10/05/2016,21:00,45.88,46.13,45.75,46.09,7214052,0
10/06/2016,21:00,45.82,46.08,45.71,46.06,5037222,0
10/07/2016,21:00,46.06,46.14,45.50,45.85,7075921,0
10/10/2016,21:00,46.09,46.40,46.07,46.26,5199093,0
10/11/2016,21:00,45.49,45.54,45.00,45.23,9923538,0
10/12/2016,21:00,45.14,45.33,44.96,45.19,3756596,0
10/13/2016,21:00,44.53,44.94,44.26,44.80,6254241,0
10/14/2016,21:00,45.15,45.25,44.79,44.84,4728617,0
10/17/2016,21:00,44.83,44.96,44.75,44.80,3657555,0
10/18/2016,21:00,45.55,45.67,45.41,45.62,5220348,0
10/19/2016,21:00,45.81,45.95,45.64,45.85,4702197,0
10/20/2016,21:00,45.71,45.88,45.54,45.72,3936493,0
10/21/2016,21:00,45.46,45.74,45.40,45.69,2554194,0
10/24/2016,21:00,46.03,46.08,45.77,45.90,2179555,0
10/25/2016,21:00,45.82,46.00,45.77,45.90,3501645,0
10/26/2016,21:00,45.50,45.67,45.32,45.44,4931793,0
10/27/2016,21:00,45.52,45.52,45.05,45.07,10603620,0
10/28/2016,21:00,45.09,45.29,44.68,44.89,7648111,0
10/31/2016,21:00,45.10,45.27,45.01,45.14,5169153,0
11/01/2016,21:00,45.30,45.31,44.44,44.76,7573093,0
11/02/2016,21:00,44.67,44.72,44.05,44.25,10954249,0
11/03/2016,21:00,44.31,44.43,43.99,44.12,7658023,0
11/04/2016,21:00,43.78,43.98,43.64,43.69,8966497,0
11/07/2016,21:00,44.74,45.23,44.70,45.17,11447398,0
11/08/2016,21:00,45.01,45.70,44.90,45.46,7883507,0
11/09/2016,21:00,44.12,44.51,43.85,44.07,21928779,0
11/10/2016,21:00,43.74,43.84,42.63,42.88,18568463,0
11/11/2016,21:00,42.12,42.37,41.56,42.07,15447181,0
11/14/2016,21:00,41.91,42.03,41.46,41.73,19188217,0
11/15/2016,21:00,42.10,42.67,42.06,42.61,7636475,0
11/16/2016,21:00,42.17,42.37,42.07,42.28,6669280,0
11/17/2016,21:00,42.36,42.62,42.26,42.34,10382246,0
11/18/2016,21:00,42.42,42.47,42.09,42.18,9340355,0
11/21/2016,21:00,42.46,42.63,42.39,42.54,4781981,0
11/22/2016,21:00,43.06,43.13,42.82,43.07,4902659,0
11/23/2016,21:00,42.52,42.68,42.43,42.65,7423790,0
11/25/2016,21:00,42.88,42.88,42.77,42.83,1793815,0
11/28/2016,21:00,42.95,43.16,42.95,43.06,4713033,0
11/29/2016,21:00,42.94,43.22,42.86,43.13,2992797,0
11/30/2016,21:00,43.31,43.34,43.15,43.27,9437913,0
12/01/2016,21:00,43.05,43.13,42.67,42.77,7602756,0
12/02/2016,21:00,42.70,42.91,42.65,42.72,6157732,0
12/05/2016,21:00,42.85,43.07,42.85,43.05,6876320,0
12/06/2016,21:00,43.20,43.28,43.07,43.25,3826066,0
12/07/2016,21:00,43.51,43.99,43.45,43.93,7503638,0
12/08/2016,21:00,43.87,44.14,43.81,44.10,8760031,0
12/09/2016,21:00,43.84,44.00,43.79,43.92,6937604,0
12/12/2016,21:00,43.65,43.78,43.49,43.62,8428338,0
12/13/2016,21:00,43.87,44.17,43.86,44.09,8124513,0
12/14/2016,21:00,43.77,43.87,42.82,42.85,7360491,0
12/15/2016,21:00,42.95,43.10,42.81,42.99,10551856,0
12/16/2016,21:00,42.95,42.99,42.67,42.81,10571644,0
12/19/2016,21:00,42.75,42.77,42.50,42.52,5916285,0
12/20/2016,21:00,42.65,42.67,42.52,42.61,5448076,0
12/21/2016,21:00,42.13,42.13,41.85,41.86,5657732,0
12/22/2016,21:00,41.52,41.52,41.24,41.42,6394415,0
12/23/2016,21:00,41.48,41.62,41.42,41.62,3332633,0
12/27/2016,21:00,41.73,41.83,41.70,41.76,4222928,0
12/28/2016,21:00,42.17,42.17,41.95,42.03,4372548,0
12/29/2016,21:00,42.46,42.73,42.43,42.69,7865917,0
12/30/2016,21:00,42.74,42.74,42.33,42.45,7684206,0
01/03/2017,21:00,42.86,43.11,42.74,42.91,7008609,0
01/04/2017,21:00,43.18,43.34,43.17,43.29,5154644,0
01/05/2017,21:00,43.60,43.83,43.57,43.79,5440393,0
01/06/2017,21:00,43.64,43.65,43.48,43.59,7137810,0
01/09/2017,21:00,43.53,43.63,43.48,43.49,4767580,0
01/10/2017,21:00,43.76,43.98,43.75,43.79,5614993,0
01/11/2017,21:00,43.87,44.28,43.70,44.22,18344609,0
01/12/2017,21:00,44.46,44.46,44.21,44.43,6235916,0
01/13/2017,21:00,44.29,44.43,44.24,44.42,5647734,0
01/17/2017,21:00,44.37,44.46,44.27,44.41,3916925,0
01/18/2017,21:00,44.44,44.44,44.11,44.21,4593835,0
01/19/2017,21:00,44.16,44.21,43.86,44.03,10502820,0
01/20/2017,21:00,44.09,44.20,43.93,44.18,7771119,0
01/23/2017,21:00,44.48,44.85,44.44,44.84,18865115,0
01/24/2017,21:00,45.05,45.24,45.00,45.10,27211406,0
01/25/2017,21:00,45.32,45.55,45.26,45.52,4724829,0
01/26/2017,21:00,45.48,45.49,45.30,45.33,6708486,0
01/27/2017,21:00,45.36,45.41,45.19,45.32,4196599,0
01/30/2017,21:00,45.08,45.16,44.94,45.13,10071110,0
01/31/2017,21:00,45.21,45.32,45.09,45.24,11000759,0
02/01/2017,21:00,45.46,45.49,45.20,45.30,14349911,0
02/02/2017,21:00,45.48,45.55,45.40,45.50,8893176,0
02/03/2017,21:00,45.73,45.87,45.63,45.78,3459757,0
02/06/2017,21:00,45.78,45.80,45.67,45.70,4239566,0
02/07/2017,21:00,45.63,45.64,45.45,45.48,4763610,0
02/08/2017,21:00,45.57,45.83,45.53,45.80,4065965,0
02/09/2017,21:00,45.97,46.07,45.91,45.99,4780942,0
02/10/2017,21:00,46.06,46.35,46.04,46.33,5680080,0
02/13/2017,21:00,46.37,46.56,46.37,46.52,5482145,0
02/14/2017,21:00,46.52,46.57,46.18,46.54,7869384,0
02/15/2017,21:00,46.58,46.94,46.55,46.93,7095033,0
02/16/2017,21:00,46.95,46.95,46.72,46.75,6518193,0
02/17/2017,21:00,46.43,46.59,46.38,46.56,5698266,0
02/21/2017,21:00,46.83,47.07,46.81,47.05,5420119,0
02/22/2017,21:00,46.98,47.20,46.96,47.17,5440339,0
02/23/2017,21:00,47.45,47.47,47.17,47.22,5792423,0
02/24/2017,21:00,46.69,46.80,46.64,46.72,5649264,0
02/27/2017,21:00,46.62,46.72,46.47,46.53,8072364,0
02/28/2017,21:00,46.54,46.56,46.15,46.16,5738682,0
03/01/2017,21:00,46.56,46.87,46.51,46.84,10509200,0
03/02/2017,21:00,46.43,46.46,46.02,46.05,5537256,0
03/03/2017,21:00,46.21,46.40,46.11,46.38,5467151,0
03/06/2017,21:00,46.46,46.46,46.27,46.39,5004218,0
03/07/2017,21:00,46.56,46.58,46.40,46.47,4539224,0
03/08/2017,21:00,46.32,46.41,46.01,46.06,7585063,0
03/09/2017,21:00,45.86,45.87,45.45,45.68,6729522,0
03/10/2017,21:00,46.05,46.15,45.92,46.15,5454471,0
03/13/2017,21:00,46.61,46.79,46.58,46.76,6079157,0
03/14/2017,21:00,46.64,46.67,46.47,46.52,4246988,0
03/15/2017,21:00,46.77,47.76,46.63,47.69,16477554,0
03/16/2017,21:00,48.00,48.08,47.85,47.96,23296115,0
03/17/2017,21:00,48.01,48.06,47.88,47.95,11153964,0
03/20/2017,21:00,48.21,48.56,48.17,48.50,17871030,0
03/21/2017,21:00,48.67,48.74,47.87,47.89,19380125,0
03/22/2017,21:00,47.88,48.23,47.78,48.15,12260136,0
03/23/2017,21:00,48.04,48.33,47.98,48.18,11336249,0
03/24/2017,21:00,48.17,48.38,48.15,48.29,6954273,0
03/27/2017,21:00,47.97,48.23,47.84,48.17,8393416,0
03/28/2017,21:00,48.14,48.40,48.12,48.25,7058177,0
03/29/2017,21:00,48.19,48.40,48.14,48.37,6843419,0
03/30/2017,21:00,48.20,48.34,48.10,48.11,6558676,0
03/31/2017,21:00,47.85,47.95,47.77,47.79,7453268,0
04/03/2017,21:00,48.01,48.14,47.82,48.10,9076603,0
04/04/2017,21:00,48.00,48.20,47.93,48.14,6712143,0
04/05/2017,21:00,48.33,48.45,47.97,47.97,8520028,0
04/06/2017,21:00,47.98,48.05,47.80,47.93,6378147,0
04/07/2017,21:00,47.83,48.07,47.80,47.86,5094144,0
04/10/2017,21:00,47.68,47.70,47.51,47.63,7701844,0
04/11/2017,21:00,47.66,47.69,47.27,47.57,10832050,0
04/12/2017,21:00,47.75,47.79,47.49,47.79,9010063,0
04/13/2017,21:00,47.92,48.02,47.63,47.64,5117266,0
04/17/2017,21:00,47.82,48.06,47.74,48.05,3330498,0
04/18/2017,21:00,47.55,47.70,47.39,47.49,7045219,0
04/19/2017,21:00,47.63,47.64,47.15,47.23,7258950,0
04/20/2017,21:00,47.74,47.82,47.59,47.80,5826685,0
04/21/2017,21:00,47.83,47.85,47.72,47.80,5337590,0
04/24/2017,21:00,48.44,48.48,48.29,48.38,7414072,0
04/25/2017,21:00,48.77,48.95,48.72,48.85,7934050,0
04/26/2017,21:00,48.76,48.88,48.61,48.63,9148061,0
04/27/2017,21:00,48.75,48.75,48.48,48.60,4208638,0
04/28/2017,21:00,48.68,48.76,48.55,48.70,4933043,0
05/01/2017,21:00,48.89,49.07,48.80,48.93,7270902,0
05/02/2017,21:00,49.15,49.32,49.10,49.23,6508523,0
05/03/2017,21:00,49.05,49.11,48.83,48.90,5563434,0
05/04/2017,21:00,48.75,48.79,48.43,48.49,10976511,0
05/05/2017,21:00,48.43,48.86,48.38,48.86,7102207,0
05/08/2017,21:00,49.01,49.07,48.81,48.86,8900716,0
05/09/2017,21:00,49.17,49.50,49.15,49.36,10680786,0
05/10/2017,21:00,49.46,49.65,49.42,49.65,7612980,0
05/11/2017,21:00,49.70,49.82,49.48,49.75,7738405,0
05/12/2017,21:00,49.84,49.97,49.80,49.95,5896195,0
05/15/2017,21:00,50.19,50.42,50.17,50.40,6420599,0
05/16/2017,21:00,50.37,50.49,50.30,50.47,4247480,0
05/17/2017,21:00,50.05,50.11,49.61,49.64,13759275,0
05/18/2017,21:00,48.53,49.24,48.26,48.84,16834945,0
05/19/2017,21:00,49.51,49.94,49.50,49.84,9539027,0
05/22/2017,21:00,49.88,50.00,49.81,49.90,7281496,0
05/23/2017,21:00,49.86,49.92,49.74,49.86,5901516,0
05/24/2017,21:00,49.90,50.13,49.84,50.06,11857265,0
05/25/2017,21:00,50.33,50.44,50.19,50.28,6876313,0
05/26/2017,21:00,50.37,50.49,50.33,50.44,4428175,0
05/30/2017,21:00,50.19,50.29,50.13,50.26,8383835,0
05/31/2017,21:00,50.11,50.14,49.81,49.84,7056521,0
06/01/2017,21:00,50.05,50.30,49.93,50.28,8087919,0
06/02/2017,21:00,50.47,50.58,50.37,50.55,5011350,0
06/05/2017,21:00,50.54,50.65,50.48,50.53,4121505,0
06/06/2017,21:00,50.46,50.63,50.42,50.53,7996787,0
06/07/2017,21:00,50.43,50.56,50.22,50.45,7782413,0
06/08/2017,21:00,50.82,50.84,50.60,50.78,5119307,0
06/09/2017,21:00,50.84,50.88,50.16,50.40,9563811,0
06/12/2017,21:00,50.14,50.17,49.91,50.13,5648059,0
06/13/2017,21:00,50.38,50.43,50.22,50.39,6819175,0
06/14/2017,21:00,50.71,50.76,50.21,50.39,7950198,0
06/15/2017,21:00,49.75,49.86,49.56,49.83,9412346,0
06/16/2017,21:00,49.96,50.00,49.71,49.95,8175337,0
06/19/2017,21:00,50.22,50.46,50.16,50.40,6430331,0
06/20/2017,21:00,49.86,49.91,49.47,49.48,7885332,0
06/21/2017,21:00,49.76,49.87,49.57,49.67,7366171,0
06/22/2017,21:00,49.87,50.05,49.75,49.86,5883409,0
06/23/2017,21:00,49.95,50.19,49.90,50.12,5385715,0
06/26/2017,21:00,50.55,50.67,50.40,50.53,9528130,0
06/27/2017,21:00,50.28,50.40,49.97,49.97,7190919,0
06/28/2017,21:00,50.14,50.41,50.02,50.35,5782092,0
06/29/2017,21:00,50.15,50.16,49.43,49.75,11237141,0
06/30/2017,21:00,50.07,50.21,49.98,50.04,8899271,0
07/03/2017,21:00,50.29,50.41,50.17,50.26,3558422,0
07/05/2017,21:00,49.99,50.18,49.74,50.16,8245523,0
07/06/2017,21:00,49.89,49.91,49.55,49.56,12771679,0
07/07/2017,21:00,49.75,49.85,49.53,49.73,8846993,0
07/10/2017,21:00,49.87,50.17,49.83,50.11,4641497,0
07/11/2017,21:00,50.38,50.56,50.23,50.51,4753914,0
07/12/2017,21:00,51.20,51.54,51.18,51.47,8109829,0
07/13/2017,21:00,51.49,51.69,51.47,51.67,4583461,0
07/14/2017,21:00,52.01,52.34,51.99,52.29,6397822,0
07/17/2017,21:00,52.14,52.15,51.98,52.05,5534743,0
07/18/2017,21:00,52.02,52.28,51.94,52.23,4084270,0
07/19/2017,21:00,52.69,52.76,52.57,52.65,5011055,0
07/20/2017,21:00,52.69,52.72,52.50,52.63,5038583,0
07/21/2017,21:00,52.59,52.63,52.45,52.56,8776042,0
07/24/2017,21:00,52.74,52.80,52.58,52.75,3761056,0
07/25/2017,21:00,52.76,52.84,52.61,52.62,5011826,0
07/26/2017,21:00,52.69,53.08,52.64,53.03,5885232,0
07/27/2017,21:00,53.16,53.18,52.43,52.75,8327368,0
07/28/2017,21:00,52.56,52.77,52.43,52.75,5721894,0
07/31/2017,21:00,52.88,52.88,52.68,52.79,9538856,0
08/01/2017,21:00,53.04,53.11,52.94,53.05,10862736,0
08/02/2017,21:00,53.11,53.15,52.77,53.06,9992463,0
08/03/2017,21:00,52.82,52.83,52.57,52.79,5947416,0
08/04/2017,21:00,52.95,53.04,52.71,53.00,7089085,0
08/07/2017,21:00,53.16,53.37,53.14,53.37,3524798,0
08/08/2017,21:00,53.44,53.69,53.27,53.34,8640757,0
08/09/2017,21:00,52.68,52.85,52.57,52.84,8600032,0
08/10/2017,21:00,52.37,52.37,51.55,51.56,10795378,0
08/11/2017,21:00,51.62,51.91,51.47,51.72,5993414,0
08/14/2017,21:00,52.25,52.44,52.16,52.24,4283642,0
08/15/2017,21:00,52.20,52.33,52.09,52.28,3169938,0
08/16/2017,21:00,52.70,52.84,52.63,52.79,6996407,0
08/17/2017,21:00,52.72,52.78,52.12,52.17,8886160,0
08/18/2017,21:00,52.44,52.82,52.21,52.59,5031707,0
08/21/2017,21:00,52.74,52.88,52.60,52.76,4334679,0
08/22/2017,21:00,53.10,53.39,53.10,53.30,4048620,0
08/23/2017,21:00,53.24,53.62,53.20,53.56,6931969,0
08/24/2017,21:00,53.78,53.85,53.57,53.70,4759238,0
08/25/2017,21:00,54.01,54.21,53.94,54.03,7766481,0
08/28/2017,21:00,54.04,54.04,53.81,53.89,5328080,0
08/29/2017,21:00,53.40,53.80,53.31,53.76,5613775,0
08/30/2017,21:00,53.76,53.93,53.72,53.88,4887656,0
08/31/2017,21:00,53.95,54.14,53.90,54.01,10985953,0
09/01/2017,21:00,54.24,54.43,54.19,54.39,6122781,0
09/05/2017,21:00,53.99,54.13,53.51,53.74,8186782,0
09/06/2017,21:00,53.96,54.14,53.87,54.09,5428162,0
09/07/2017,21:00,54.37,54.48,54.29,54.47,4462544,0
09/08/2017,21:00,54.39,54.42,54.05,54.13,5443230,0
09/11/2017,21:00,54.59,54.90,54.58,54.85,4945855,0
09/12/2017,21:00,54.76,54.91,54.73,54.80,6712445,0
09/13/2017,21:00,54.59,54.67,54.41,54.52,4510655,0
09/14/2017,21:00,54.44,54.69,54.38,54.66,5568952,0
09/15/2017,21:00,54.82,55.06,54.69,54.98,7663853,0
09/18/2017,21:00,55.31,55.42,55.10,55.15,4218489,0
09/19/2017,21:00,55.17,55.27,55.04,55.25,4166149,0
09/20/2017,21:00,55.31,55.36,54.54,55.03,6919682,0
09/21/2017,21:00,55.18,55.19,54.93,55.04,5889290,0
09/22/2017,21:00,54.71,54.79,54.62,54.71,6513830,0
09/25/2017,21:00,54.17,54.20,53.51,53.72,8080456,0
09/26/2017,21:00,53.82,53.90,53.53,53.63,8229119,0
09/27/2017,21:00,53.48,53.56,53.15,53.44,10407529,0
09/28/2017,21:00,53.19,53.45,53.10,53.38,6632039,0
09/29/2017,21:00,53.78,54.12,53.70,54.02,9503114,0
10/02/2017,21:00,54.05,54.27,54.02,54.04,9089726,0
10/03/2017,21:00,54.47,54.85,54.42,54.84,5419670,0
10/04/2017,21:00,54.82,54.95,54.75,54.84,4406160,0
10/05/2017,21:00,55.06,55.38,55.05,55.23,9086195,0
10/06/2017,21:00,54.78,55.00,54.62,54.96,7209071,0
10/09/2017,21:00,54.77,54.93,54.74,54.91,3699170,0
10/10/2017,21:00,55.33,55.48,55.27,55.45,11667795,0
10/11/2017,21:00,55.45,55.70,55.43,55.68,13369845,0
10/12/2017,21:00,55.74,55.84,55.64,55.67,6863403,0
10/13/2017,21:00,56.13,56.27,56.09,56.17,6955127,0
10/16/2017,21:00,56.28,56.33,56.11,56.12,8404330,0
10/17/2017,21:00,56.00,56.00,55.72,55.86,5741677,0
10/18/2017,21:00,56.02,56.13,55.86,55.96,5474486,0
10/19/2017,21:00,55.44,55.53,55.26,55.53,5562245,0
10/20/2017,21:00,55.76,55.82,55.63,55.72,5502544,0
10/23/2017,21:00,55.64,55.66,55.27,55.31,4425844,0
10/24/2017,21:00,55.44,55.60,55.34,55.36,6816385,0
10/25/2017,21:00,55.57,55.64,54.84,55.24,11423886,0
10/26/2017,21:00,55.31,55.38,54.89,54.89,7427635,0
10/27/2017,21:00,55.12,55.69,54.99,55.65,8001623,0
10/30/2017,21:00,55.47,55.59,55.24,55.31,4900672,0
10/31/2017,21:00,55.65,55.79,55.56,55.78,6788422,0
11/01/2017,21:00,56.30,56.46,56.04,56.09,8822726,0
11/02/2017,21:00,56.18,56.22,55.92,56.17,9346951,0
11/03/2017,21:00,56.16,56.16,55.61,55.91,8282792,0
11/06/2017,21:00,56.14,56.51,56.10,56.48,5129306,0
11/07/2017,21:00,56.46,56.48,56.04,56.11,6642082,0
11/08/2017,21:00,56.25,56.43,56.22,56.39,5694658,0
11/09/2017,21:00,56.02,56.18,55.65,56.08,6517153,0
11/10/2017,21:00,56.05,56.05,55.73,55.89,5070052,0
11/13/2017,21:00,55.69,55.88,55.54,55.78,5518455,0
11/14/2017,21:00,55.72,55.74,55.38,55.48,7660924,0
11/15/2017,21:00,55.22,55.30,54.95,55.19,12863843,0
11/16/2017,21:00,55.88,56.42,55.88,56.27,7058212,0
11/17/2017,21:00,56.39,56.72,56.39,56.48,7090775,0
11/20/2017,21:00,56.47,56.83,56.44,56.78,6494523,0
11/21/2017,21:00,57.41,57.71,57.41,57.49,7592137,0
11/22/2017,21:00,57.63,57.73,57.43,57.63,6271838,0
11/24/2017,21:00,57.50,57.57,57.41,57.47,3100279,0
11/27/2017,21:00,57.07,57.15,56.73,56.75,7191818,0
11/28/2017,21:00,57.16,57.31,56.92,57.13,10435771,0
11/29/2017,21:00,56.92,56.97,56.20,56.30,11855390,0
11/30/2017,21:00,56.15,56.16,55.77,55.85,20018110,0
12/01/2017,21:00,55.68,55.74,55.20,55.52,12523427,0
12/04/2017,21:00,56.04,56.12,55.52,55.60,7442617,0
12/05/2017,21:00,55.58,55.88,55.48,55.53,7915574,0
12/06/2017,21:00,54.71,54.91,54.53,54.82,7753630,0
12/07/2017,21:00,54.58,55.02,54.48,54.86,9626748,0
12/08/2017,21:00,55.45,55.56,55.25,55.46,7981365,0
12/11/2017,21:00,55.70,55.89,55.70,55.78,6281974,0
12/12/2017,21:00,55.29,55.52,55.17,55.44,5305945,0
12/13/2017,21:00,55.72,56.23,55.72,56.04,14343235,0
12/14/2017,21:00,55.86,56.00,55.65,55.65,6952326,0
12/15/2017,21:00,55.82,55.92,55.53,55.80,7683110,0
12/18/2017,21:00,56.26,56.58,56.25,56.40,5910219,0
12/19/2017,21:00,55.56,55.56,55.09,55.17,8318166,0
12/20/2017,21:00,55.46,55.52,55.28,55.28,7378910,0
12/21/2017,21:00,55.52,55.83,55.48,55.66,6869967,0
12/22/2017,21:00,55.90,56.12,55.82,56.11,10814364,0
12/26/2017,21:00,55.98,56.05,55.83,56.04,4918070,0
12/27/2017,21:00,56.27,56.31,56.10,56.23,5079730,0
12/28/2017,21:00,56.76,56.80,56.51,56.62,7823884,0
12/29/2017,21:00,57.06,57.12,56.87,56.90,8021281,0
01/02/2018,21:00,57.75,58.04,57.65,58.00,10928291,0
01/03/2018,21:00,58.26,58.57,58.26,58.51,10018637,0
01/04/2018,21:00,58.65,58.84,58.60,58.75,18278286,0
01/05/2018,21:00,58.90,59.28,58.83,59.25,10641066,0
01/08/2018,21:00,59.15,59.37,59.12,59.29,6772495,0
01/09/2018,21:00,59.23,59.24,58.92,59.16,6992274,0
01/10/2018,21:00,58.77,58.92,58.59,58.78,10425225,0
01/11/2018,21:00,58.80,59.22,58.79,59.20,9236840,0
01/12/2018,21:00,59.31,59.81,59.17,59.79,18084181,0
01/16/2018,21:00,59.95,60.11,59.41,59.47,14787998,0
01/17/2018,21:00,59.92,60.40,59.85,60.24,9147970,0
01/18/2018,21:00,60.20,60.36,60.12,60.30,7748308,0
01/19/2018,21:00,60.62,60.79,60.41,60.79,8302330,0
01/22/2018,21:00,60.76,61.14,60.65,61.14,7466079,0
01/23/2018,21:00,61.11,61.38,61.01,61.38,9265868,0
01/24/2018,21:00,61.79,62.05,61.51,61.93,9304270,0
01/25/2018,21:00,61.99,62.41,61.71,61.85,8603176,0
01/26/2018,21:00,62.31,62.70,62.16,62.69,7487078,0
01/29/2018,21:00,61.99,62.03,61.70,61.79,17281568,0
01/30/2018,21:00,61.19,61.22,60.76,60.98,13953289,0
01/31/2018,21:00,61.76,61.81,61.01,61.44,14247045,0
02/01/2018,21:00,60.93,61.26,60.64,60.68,18531388,0
02/02/2018,21:00,60.06,60.10,59.10,59.18,15979529,0
02/05/2018,21:00,59.03,59.59,57.10,57.19,16766884,0
02/06/2018,21:00,57.13,59.34,56.91,58.86,27082331,0
02/07/2018,21:00,57.86,58.45,57.08,57.10,25078593,0
02/08/2018,21:00,57.50,57.55,55.18,55.19,19034412,0
02/09/2018,21:00,55.99,56.53,54.48,56.16,21551576,0
02/12/2018,21:00,56.84,57.36,56.40,56.96,15709302,0
02/13/2018,21:00,57.05,57.52,56.97,57.39,14955067,0
02/14/2018,21:00,57.24,58.91,57.24,58.77,13114460,0
02/15/2018,21:00,59.77,60.08,59.07,59.87,18457336,0
02/16/2018,21:00,59.45,60.17,59.41,59.65,19409749,0
02/20/2018,21:00,58.66,59.09,58.59,58.88,14659525,0
02/21/2018,21:00,59.44,60.03,58.79,58.80,17131778,0
02/22/2018,21:00,59.04,59.43,58.83,58.96,11557163,0
02/23/2018,21:00,59.62,59.94,59.34,59.91,8382733,0
02/26/2018,21:00,60.06,60.44,59.73,60.43,10756855,0
02/27/2018,21:00,59.71,59.73,58.73,58.73,13324125,0
02/28/2018,21:00,58.90,58.90,57.93,57.93,17000331,0
03/01/2018,21:00,58.42,58.79,57.39,57.92,22908736,0
03/02/2018,21:00,57.27,58.25,56.95,58.14,10218301,0
03/05/2018,21:00,57.58,58.28,57.45,58.15,10568236,0
03/06/2018,21:00,59.13,59.13,58.54,58.70,8366263,0
03/07/2018,21:00,58.30,58.76,58.06,58.74,9017919,0
03/08/2018,21:00,58.82,58.87,58.46,58.73,5667410,0
03/09/2018,21:00,59.21,59.95,59.15,59.95,10154117,0
03/12/2018,21:00,59.99,60.17,59.78,60.08,17480494,0
03/13/2018,21:00,60.36,60.41,59.35,59.53,14153727,0
03/14/2018,21:00,59.99,60.08,59.34,59.69,7646381,0
03/15/2018,21:00,59.87,59.96,59.29,59.47,9813760,0
03/16/2018,21:00,59.34,59.51,59.25,59.34,6394308,0
03/19/2018,21:00,58.98,59.07,58.36,58.70,8880305,0
03/20/2018,21:00,59.22,59.48,59.08,59.34,7552131,0
03/21/2018,21:00,59.25,59.93,59.12,59.67,12298886,0
03/22/2018,21:00,58.37,58.63,57.67,57.73,14442833,0
03/23/2018,21:00,57.83,57.94,56.60,56.62,17601924,0
03/26/2018,21:00,58.09,58.52,57.43,58.47,9419118,0
03/27/2018,21:00,58.52,58.61,57.30,57.45,11514344,0
03/28/2018,21:00,57.34,57.51,56.84,57.19,11167158,0
03/29/2018,21:00,57.59,58.56,57.53,58.40,17224519,0
04/02/2018,21:00,58.03,58.25,56.84,57.30,13803502,0
04/03/2018,21:00,57.91,57.99,57.45,57.90,18556415,0
04/04/2018,21:00,56.42,57.99,56.34,57.94,10272975,0
04/05/2018,21:00,58.19,58.38,57.89,58.08,9347078,0
04/06/2018,21:00,57.56,57.95,56.70,57.02,14237220,0
04/09/2018,21:00,57.39,57.72,57.10,57.10,10452834,0
04/10/2018,21:00,57.88,58.26,57.68,58.16,11733074,0
04/11/2018,21:00,57.84,58.34,57.83,58.20,11029927,0
04/12/2018,21:00,58.08,58.33,57.99,58.18,6112312,0
04/13/2018,21:00,58.16,58.19,57.51,57.66,8808637,0
04/16/2018,21:00,57.60,57.78,57.42,57.74,6694497,0
04/17/2018,21:00,57.49,57.98,57.45,57.82,11346184,0
04/18/2018,21:00,58.00,58.43,57.95,58.27,11527219,0
04/19/2018,21:00,58.42,58.43,57.76,57.94,8926958,0
04/20/2018,21:00,57.61,57.65,57.03,57.28,8532867,0
04/23/2018,21:00,57.13,57.27,56.68,56.83,7397396,0
04/24/2018,21:00,57.23,57.34,56.29,56.52,9928720,0
04/25/2018,21:00,56.13,56.26,55.80,56.18,11782182,0
04/26/2018,21:00,56.43,56.91,56.38,56.86,8102848,0
04/27/2018,21:00,57.20,57.30,56.89,57.22,5545137,0
04/30/2018,21:00,57.45,57.49,56.84,56.85,13419459,0
05/01/2018,21:00,56.54,56.64,55.87,56.59,7590039,0
05/02/2018,21:00,56.68,56.73,56.09,56.13,13243611,0
05/03/2018,21:00,56.11,56.18,55.28,55.96,15754676,0
05/04/2018,21:00,55.52,56.42,55.41,56.24,9324075,0
05/07/2018,21:00,55.80,56.15,55.75,55.92,5610146,0
05/08/2018,21:00,56.01,56.23,55.68,56.17,9927320,0
05/09/2018,21:00,56.37,56.42,55.99,56.26,12256144,0
05/10/2018,21:00,56.88,57.61,56.85,57.45,10564592,0
05/11/2018,21:00,57.62,57.71,57.20,57.32,6683759,0
05/14/2018,21:00,57.62,57.76,57.32,57.38,6184658,0
05/15/2018,21:00,56.37,56.50,56.05,56.22,15062200,0
05/16/2018,21:00,56.76,57.15,56.75,57.07,10669877,0
05/17/2018,21:00,56.51,56.67,56.10,56.30,13832583,0
05/18/2018,21:00,55.85,55.97,55.70,55.87,7051087,0
05/21/2018,21:00,56.27,56.34,55.92,56.11,9754440,0
05/22/2018,21:00,56.40,56.60,56.23,56.31,9289736,0
05/23/2018,21:00,55.70,56.33,55.65,56.30,10784230,0
05/24/2018,21:00,56.02,56.11,55.42,56.02,7578330,0
05/25/2018,21:00,56.03,56.32,55.95,56.21,7315087,0
05/29/2018,21:00,55.49,55.61,54.70,54.96,17385074,0
05/30/2018,21:00,55.03,55.53,54.81,55.47,13511896,0
05/31/2018,21:00,55.43,55.71,55.18,55.53,16800731,0
06/01/2018,21:00,55.92,56.22,55.81,56.14,11744741,0
06/04/2018,21:00,56.62,56.84,56.59,56.73,5540889,0
06/05/2018,21:00,56.56,56.64,56.27,56.32,6494767,0
06/06/2018,21:00,56.77,57.13,56.67,57.13,6160652,0
06/07/2018,21:00,56.97,56.99,55.96,56.31,12929922,0
06/08/2018,21:00,56.05,56.45,55.82,56.26,12685815,0
06/11/2018,21:00,56.33,56.44,56.15,56.20,5890829,0
06/12/2018,21:00,56.22,56.29,55.88,56.10,8298080,0
06/13/2018,21:00,56.15,56.26,55.40,55.70,8528753,0
06/14/2018,21:00,55.71,55.82,55.27,55.33,7557435,0
06/15/2018,21:00,54.82,54.98,54.53,54.96,12974117,0
06/18/2018,21:00,54.18,54.27,53.82,54.21,10914466,0
06/19/2018,21:00,52.80,53.27,52.60,53.13,20080427,0
06/20/2018,21:00,53.64,53.70,53.32,53.38,10387599,0
06/21/2018,21:00,53.04,53.06,52.61,52.65,17284663,0
06/22/2018,21:00,53.40,53.41,53.01,53.16,7278550,0
06/25/2018,21:00,52.68,52.75,52.00,52.51,16015484,0
06/26/2018,21:00,52.54,52.61,52.16,52.27,14755816,0
06/27/2018,21:00,52.13,52.28,51.16,51.25,21666762,0
06/28/2018,21:00,51.20,51.67,51.05,51.63,20346764,0
06/29/2018,21:00,52.32,52.54,52.26,52.51,16120755,0
07/02/2018,21:00,51.58,51.96,51.45,51.89,11352150,0
07/03/2018,21:00,52.19,52.26,51.85,51.92,10244420,0
07/05/2018,21:00,52.01,52.09,51.57,51.80,10697735,0
07/06/2018,21:00,51.93,52.67,51.91,52.48,10594688,0
07/09/2018,21:00,53.13,53.38,52.92,53.37,14067066,0
07/10/2018,21:00,53.27,53.32,52.90,53.23,12524585,0
07/11/2018,21:00,52.44,52.68,52.08,52.25,17885448,0
07/12/2018,21:00,52.90,53.12,52.74,52.99,10491392,0
07/13/2018,21:00,52.95,53.16,52.77,52.97,8492837,0
07/16/2018,21:00,52.79,52.84,52.57,52.77,7066865,0
07/17/2018,21:00,52.52,53.22,52.50,53.12,10482283,0
07/18/2018,21:00,52.81,53.11,52.69,53.07,18030330,0
07/19/2018,21:00,52.25,52.63,52.10,52.43,13772438,0
07/20/2018,21:00,52.94,53.22,52.90,53.16,7743681,0
07/23/2018,21:00,52.84,52.89,52.62,52.77,9014986,0
07/24/2018,21:00,53.63,53.82,53.40,53.53,11628932,0
07/25/2018,21:00,53.94,54.40,53.74,54.37,16824516,0
07/26/2018,21:00,53.93,54.09,53.77,53.84,9599438,0
07/27/2018,21:00,54.22,54.30,53.72,54.00,17400081,0
07/30/2018,21:00,54.10,54.17,53.75,53.89,14986268,0
07/31/2018,21:00,53.90,54.26,53.80,54.10,28222091,0
08/01/2018,21:00,53.75,54.01,53.62,53.75,11460640,0
08/02/2018,21:00,52.68,53.14,52.57,53.06,13848181,0
08/03/2018,21:00,53.23,53.52,53.19,53.45,8445318,0
08/06/2018,21:00,53.12,53.23,52.95,53.10,8267328,0
08/07/2018,21:00,53.65,53.85,53.57,53.59,7901847,0
08/08/2018,21:00,53.49,53.57,53.30,53.48,10539339,0
08/09/2018,21:00,53.58,53.69,53.32,53.37,7340715,0
08/10/2018,21:00,52.23,52.41,52.08,52.24,13636999,0
08/13/2018,21:00,51.71,51.85,51.23,51.38,10517600,0
08/14/2018,21:00,51.60,51.82,51.49,51.71,12373060,0
08/15/2018,21:00,50.25,50.49,49.83,50.29,29461355,0
08/16/2018,21:00,50.75,51.01,50.60,50.62,17356094,0
08/17/2018,21:00,50.45,51.22,50.31,51.11,12809797,0
08/20/2018,21:00,51.22,51.36,51.05,51.31,8919158,0
08/21/2018,21:00,51.82,52.14,51.79,51.92,9967425,0
08/22/2018,21:00,51.97,52.38,51.97,52.29,9983086,0
08/23/2018,21:00,52.13,52.27,51.47,51.53,9661596,0
08/24/2018,21:00,52.24,52.43,52.09,52.39,7850264,0
08/27/2018,21:00,52.89,53.32,52.87,53.10,11240732,0
08/28/2018,21:00,53.25,53.34,52.85,52.94,8245527,0
08/29/2018,21:00,52.85,53.28,52.74,53.19,11361499,0
08/30/2018,21:00,52.53,52.53,51.78,51.91,13172022,0
08/31/2018,21:00,51.87,52.41,51.83,52.31,23421683,0
09/04/2018,21:00,51.45,51.45,51.12,51.25,15807335,0
09/05/2018,21:00,50.71,50.75,50.38,50.54,17723215,0
09/06/2018,21:00,50.62,50.75,50.25,50.57,13563849,0
09/07/2018,21:00,50.42,50.75,50.12,50.31,17389059,0
09/10/2018,21:00,50.27,50.27,49.73,49.80,9945783,0
09/11/2018,21:00,49.34,49.93,49.20,49.93,24016845,0
09/12/2018,21:00,49.70,50.45,49.55,50.15,24103649,0
09/13/2018,21:00,50.86,51.14,50.60,50.76,15068415,0
09/14/2018,21:00,51.05,51.13,50.54,50.73,12152159,0
09/17/2018,21:00,50.37,50.59,50.26,50.35,9934437,0
09/18/2018,21:00,50.54,50.88,50.54,50.78,8934094,0
09/19/2018,21:00,51.16,51.50,51.16,51.41,9186317,0
09/20/2018,21:00,51.85,52.01,51.59,51.95,22134520,0
09/21/2018,21:00,52.03,52.27,51.95,52.13,23269758,0
09/24/2018,21:00,51.61,51.66,51.41,51.53,10844488,0
09/25/2018,21:00,51.65,51.89,51.62,51.80,23462094,0
09/26/2018,21:00,51.85,52.48,51.84,51.86,14386794,0
09/27/2018,21:00,52.04,52.30,51.99,52.11,12259302,0
09/28/2018,21:00,51.73,52.05,51.64,51.78,14524200,0
10/01/2018,21:00,52.04,52.06,51.67,51.77,7922902,0
10/02/2018,21:00,51.16,51.42,51.03,51.18,25712312,0
10/03/2018,21:00,51.52,51.55,50.62,50.78,13757746,0
10/04/2018,21:00,50.24,50.26,49.34,49.57,21036793,0
10/05/2018,21:00,49.53,49.61,48.89,49.34,20239235,0
10/08/2018,21:00,49.00,49.52,48.92,49.42,9673382,0
10/09/2018,21:00,49.02,49.46,48.84,49.22,13064336,0
10/10/2018,21:00,48.96,48.98,47.77,47.83,20252313,0
10/11/2018,21:00,47.54,47.97,46.83,47.29,42280232,0
10/12/2018,21:00,48.58,48.69,47.97,48.61,24597539,0
10/15/2018,21:00,48.24,48.45,48.05,48.12,9722545,0
10/16/2018,21:00,48.72,49.35,48.65,49.31,11377648,0
10/17/2018,21:00,48.93,48.97,48.47,48.71,13248450,0
10/18/2018,21:00,48.18,48.21,47.30,47.46,12739894,0
10/19/2018,21:00,48.17,48.47,47.80,47.97,8992819,0
10/22/2018,21:00,48.67,48.76,48.19,48.38,9269769,0
10/23/2018,21:00,47.22,48.13,47.00,47.88,16175482,0
10/24/2018,21:00,47.66,47.70,46.33,46.39,13947367,0
10/25/2018,21:00,46.83,47.53,46.73,47.17,14194409,0
10/26/2018,21:00,46.25,47.00,46.03,46.69,23693332,0
10/29/2018,21:00,47.05,47.12,45.35,45.85,21027560,0
10/30/2018,21:00,46.13,46.74,46.02,46.70,21767313,0
10/31/2018,21:00,47.23,47.50,47.04,47.26,16048963,0
11/01/2018,21:00,47.99,48.93,47.74,48.89,22985600,0
11/02/2018,21:00,49.70,49.85,48.73,49.21,28639005,0
11/05/2018,21:00,49.14,49.43,49.06,49.36,16001387,0
11/06/2018,21:00,49.08,49.32,48.99,49.25,10239381,0
11/07/2018,21:00,49.82,50.20,49.58,50.13,20814456,0
11/08/2018,21:00,49.48,49.64,48.75,48.91,16910217,0
11/09/2018,21:00,48.20,48.22,47.67,48.03,14557638,0
11/12/2018,21:00,47.85,47.95,47.26,47.36,17323189,0
11/13/2018,21:00,47.82,48.35,47.63,47.91,20377056,0
11/14/2018,21:00,48.32,48.48,47.77,48.19,23592834,0
11/15/2018,21:00,48.43,49.48,48.36,49.21,43380266,0
11/16/2018,21:00,48.81,49.55,48.70,49.36,28867304,0
11/19/2018,21:00,49.02,49.07,48.56,48.73,19338277,0
11/20/2018,21:00,47.93,48.17,47.53,47.69,29153940,0
11/21/2018,21:00,48.55,48.88,48.48,48.54,15919651,0
11/23/2018,21:00,48.01,48.25,47.96,47.99,6794329,0
11/26/2018,21:00,48.63,48.79,48.38,48.57,17716144,0
11/27/2018,21:00,48.40,48.88,48.34,48.86,13872775,0
11/28/2018,21:00,49.18,50.04,48.84,50.03,31189525,0
11/29/2018,21:00,49.66,49.94,49.38,49.64,27815816,0
11/30/2018,21:00,49.44,49.56,49.26,49.47,17931374,0
12/03/2018,21:00,50.79,50.84,50.34,50.56,31289345,0
12/04/2018,21:00,50.60,50.68,49.41,49.56,28681346,0
12/06/2018,21:00,48.21,49.12,47.93,49.09,30947655,0
12/07/2018,21:00,48.96,49.30,48.05,48.15,28906282,0
12/10/2018,21:00,47.79,47.91,47.07,47.67,34028501,0
12/11/2018,21:00,48.33,48.33,47.68,48.01,23559026,0
12/12/2018,21:00,48.88,49.22,48.76,48.77,26319789,0
12/13/2018,21:00,48.93,49.11,48.73,48.82,33451927,0
12/14/2018,21:00,48.22,48.55,48.10,48.15,27492541,0
12/17/2018,21:00,48.18,48.36,47.54,47.70,37250808,0
12/18/2018,21:00,47.20,47.43,47.03,47.18,36482261,0
12/19/2018,21:00,47.37,47.81,46.04,46.41,49869805,0
12/20/2018,21:00,46.90,47.17,46.40,46.84,51269309,0
12/21/2018,21:00,46.88,47.13,46.18,46.39,43071560,0
12/24/2018,21:00,46.32,46.65,46.01,46.02,18701217,0
12/26/2018,21:00,46.23,46.95,45.89,46.95,34170677,0
12/27/2018,21:00,46.30,46.94,46.15,46.90,28667134,0
12/28/2018,21:00,47.23,47.55,47.03,47.25,30636166,0
12/31/2018,21:00,47.60,47.62,46.94,47.15,22928625,0
01/02/2019,21:00,46.61,47.26,46.56,47.26,18611182,0
01/03/2019,21:00,46.71,46.75,46.22,46.41,17972875,0
01/04/2019,21:00,47.03,48.03,46.96,47.84,21358501,0
01/07/2019,21:00,47.87,48.16,47.64,47.95,16288618,0
01/08/2019,21:00,47.98,48.19,47.70,48.07,19498566,0
01/09/2019,21:00,48.55,49.19,48.55,48.94,25835136,0
01/10/2019,21:00,48.68,49.31,48.67,49.27,19985085,0
01/11/2019,21:00,48.86,49.10,48.78,49.03,14418698,0
01/14/2019,21:00,48.44,48.86,48.37,48.65,14367401,0
01/15/2019,21:00,48.91,49.21,48.83,49.01,12793141,0
01/16/2019,21:00,49.29,49.72,49.28,49.55,61641557,0
01/17/2019,21:00,49.12,49.97,49.09,49.71,18001485,0
01/18/2019,21:00,49.90,50.14,49.81,50.02,22893360,0
01/22/2019,21:00,49.36,49.46,48.90,49.14,24856958,0
01/23/2019,21:00,49.57,49.65,49.21,49.60,16222428,0
01/24/2019,21:00,49.64,50.12,49.64,50.03,16307393,0
01/25/2019,21:00,50.50,50.83,50.50,50.69,16973630,0
01/28/2019,21:00,49.99,50.22,49.84,50.18,20562774,0
01/29/2019,21:00,50.41,50.45,50.16,50.23,12972856,0
01/30/2019,21:00,50.55,51.44,50.35,51.33,17808700,0
01/31/2019,21:00,51.37,51.80,51.37,51.68,21869628,0
02/01/2019,21:00,51.38,51.47,51.24,51.39,16019128,0
02/04/2019,21:00,51.21,51.59,51.13,51.49,15575798,0
02/05/2019,21:00,51.67,52.18,51.62,52.14,18805567,0
02/06/2019,21:00,51.91,51.94,51.35,51.47,12749758,0
02/07/2019,21:00,51.07,51.31,50.54,50.97,18365826,0
02/08/2019,21:00,50.62,50.77,50.33,50.70,12742073,0
02/11/2019,21:00,50.77,50.80,50.50,50.53,14596902,0
02/12/2019,21:00,50.94,51.13,50.85,50.98,12901598,0
02/13/2019,21:00,50.95,51.05,50.48,50.60,16281051,0
02/14/2019,21:00,50.32,50.88,50.21,50.71,10737039,0
02/15/2019,21:00,50.69,50.69,50.45,50.64,25826023,0
02/19/2019,21:00,50.41,51.12,50.41,50.97,24018066,0
02/20/2019,21:00,51.26,51.61,51.18,51.33,24101983,0
02/21/2019,21:00,51.27,51.31,50.97,51.18,13643848,0
02/22/2019,21:00,51.61,51.88,51.49,51.75,11865510,0
02/25/2019,21:00,52.30,52.53,52.20,52.27,13010201,0
02/26/2019,21:00,51.97,52.31,51.92,52.13,10659157,0
02/27/2019,21:00,51.82,51.89,51.54,51.71,22081041,0
02/28/2019,21:00,51.40,51.40,51.07,51.12,19219033,0
03/01/2019,21:00,51.46,51.50,51.04,51.07,26158242,0
03/04/2019,21:00,51.41,51.48,50.78,51.18,23290716,0
03/05/2019,21:00,51.49,51.79,51.35,51.69,12468953,0
03/06/2019,21:00,51.73,51.82,51.39,51.44,18429178,0
03/07/2019,21:00,51.16,51.16,50.45,50.50,21342879,0
03/08/2019,21:00,49.99,50.23,49.92,50.22,26864229,0
03/11/2019,21:00,50.64,51.18,50.64,51.10,7592824,0
03/12/2019,21:00,51.37,51.51,51.30,51.37,17651416,0
03/13/2019,21:00,51.41,51.51,51.29,51.45,12404241,0
03/14/2019,21:00,51.25,51.28,51.01,51.21,13672384,0
03/15/2019,21:00,51.66,51.97,51.66,51.92,16705946,0
03/18/2019,21:00,52.26,52.49,52.20,52.47,11499653,0
03/19/2019,21:00,52.50,52.65,52.33,52.46,17731109,0
03/20/2019,21:00,52.31,52.98,51.97,52.56,25599669,0
03/21/2019,21:00,52.27,52.65,52.17,52.64,21831433,0
03/22/2019,21:00,51.83,51.95,51.06,51.09,25353630,0
03/25/2019,21:00,51.02,51.38,50.96,51.27,14007552,0
03/26/2019,21:00,51.43,51.53,51.13,51.38,12234299,0
03/27/2019,21:00,51.15,51.23,50.68,50.81,18416454,0
03/28/2019,21:00,50.99,51.23,50.83,51.21,8215851,0
03/29/2019,21:00,51.71,51.78,51.46,51.71,12167152,0
04/01/2019,21:00,52.39,52.56,52.26,52.51,15575766,0
04/02/2019,21:00,52.56,52.59,52.20,52.33,13022252,0
04/03/2019,21:00,52.84,53.11,52.62,52.71,14848331,0
04/04/2019,21:00,52.68,53.10,52.66,53.01,9074816,0
04/05/2019,21:00,53.17,53.45,53.13,53.38,20359481,0
04/08/2019,21:00,53.16,53.44,53.06,53.34,9573136,0
04/09/2019,21:00,53.45,53.46,53.27,53.30,22965586,0
04/10/2019,21:00,53.55,53.70,53.44,53.54,15015821,0
04/11/2019,21:00,53.20,53.24,52.89,53.04,11729148,0
04/12/2019,21:00,53.54,53.56,53.27,53.35,11043212,0
04/15/2019,21:00,53.34,53.38,52.94,53.15,10290657,0
04/16/2019,21:00,53.36,53.59,53.36,53.56,8369626,0
04/17/2019,21:00,53.90,53.95,53.54,53.71,8923851,0
04/18/2019,21:00,53.47,53.73,53.30,53.62,18489667,0
04/22/2019,21:00,53.13,53.35,53.04,53.32,13751850,0
04/23/2019,21:00,53.18,53.50,53.15,53.44,12407338,0
04/24/2019,21:00,53.07,53.07,52.54,52.66,12693646,0
04/25/2019,21:00,52.38,52.66,52.23,52.60,10747605,0
04/26/2019,21:00,52.70,52.91,52.55,52.82,9494323,0
04/29/2019,21:00,52.94,52.99,52.81,52.91,6947475,0
04/30/2019,21:00,52.79,52.97,52.51,52.84,12005845,0
05/01/2019,21:00,52.95,53.37,52.41,52.45,15252824,0
05/02/2019,21:00,52.62,52.78,52.31,52.60,10868316,0
05/03/2019,21:00,53.00,53.28,52.91,53.24,8881071,0
05/06/2019,21:00,51.58,52.22,51.52,52.15,19494176,0
05/07/2019,21:00,51.60,51.61,50.84,51.13,22479410,0
05/08/2019,21:00,51.26,51.48,51.05,51.10,12396762,0
05/09/2019,21:00,49.98,50.52,49.59,50.26,19736528,0
05/10/2019,21:00,50.41,50.71,49.80,50.57,18558894,0
05/13/2019,21:00,49.00,49.19,48.62,48.89,20818923,0
05/14/2019,21:00,49.53,49.73,49.34,49.54,11595579,0
05/15/2019,21:00,49.28,49.75,49.20,49.64,11491000,0
05/16/2019,21:00,49.59,49.86,49.36,49.42,12492130,0
05/17/2019,21:00,48.58,48.92,48.48,48.55,10959990,0
05/20/2019,21:00,48.38,48.55,48.16,48.35,9074290,0
05/21/2019,21:00,48.68,49.02,48.56,49.02,13765198,0
05/22/2019,21:00,48.89,48.95,48.68,48.76,15223202,0
05/23/2019,21:00,48.06,48.29,47.92,48.09,15586402,0
05/24/2019,21:00,48.46,48.53,48.11,48.19,8807649,0
05/28/2019,21:00,48.66,48.74,48.25,48.31,16562280,0
05/29/2019,21:00,48.16,48.67,48.10,48.65,21779039,0
05/30/2019,21:00,48.78,49.08,48.76,48.93,15435292,0
05/31/2019,21:00,48.69,49.20,48.67,49.12,18804401,0
06/03/2019,21:00,49.48,49.76,49.37,49.49,16772534,0
06/04/2019,21:00,49.33,49.66,49.21,49.59,9229068,0
06/05/2019,21:00,49.67,49.71,49.13,49.27,13976861,0
06/06/2019,21:00,49.24,49.38,49.07,49.32,11614186,0
06/07/2019,21:00,49.57,50.07,49.54,49.69,8952923,0
06/10/2019,21:00,50.10,50.40,49.99,50.21,23235428,0
06/11/2019,21:00,50.80,50.88,50.58,50.71,28288178,0
06/12/2019,21:00,50.38,50.41,50.10,50.17,10374559,0
06/13/2019,21:00,50.25,50.34,49.95,50.13,40613401,0
06/14/2019,21:00,49.79,49.80,49.54,49.56,9646750,0
06/17/2019,21:00,49.09,49.31,49.07,49.19,13666045,0
06/18/2019,21:00,49.73,50.47,49.73,50.37,18751510,0
06/19/2019,21:00,50.46,50.99,50.33,50.74,13497260,0
06/20/2019,21:00,51.79,51.85,51.29,51.50,12807844,0
06/21/2019,21:00,51.29,51.43,51.20,51.29,11888372,0
06/24/2019,21:00,51.27,51.37,51.20,51.27,11131433,0
06/25/2019,21:00,51.10,51.15,50.71,50.76,16240858,0
06/26/2019,21:00,51.15,51.43,51.11,51.27,18094951,0
06/27/2019,21:00,51.46,51.60,51.39,51.56,17407771,0
06/28/2019,21:00,51.58,51.61,51.36,51.44,18648202,0
07/01/2019,21:00,52.42,52.51,51.92,52.12,16621546,0
07/02/2019,21:00,52.06,52.10,51.85,52.00,10546774,0
07/03/2019,21:00,51.75,51.90,51.69,51.87,3731756,0
07/05/2019,21:00,51.56,51.70,51.32,51.51,25942007,0
07/08/2019,21:00,51.19,51.32,51.13,51.24,8611797,0
07/09/2019,21:00,50.86,51.16,50.85,51.07,9441396,0
07/10/2019,21:00,51.63,51.79,51.47,51.54,10536095,0
07/11/2019,21:00,51.69,51.71,51.31,51.44,8792384,0
07/12/2019,21:00,51.48,51.54,51.29,51.47,6100685,0
07/15/2019,21:00,51.66,51.75,51.61,51.69,8032932,0
07/16/2019,21:00,51.71,51.84,51.53,51.58,18608434,0
07/17/2019,21:00,51.53,51.64,51.36,51.38,17273848,0
07/18/2019,21:00,51.40,51.81,51.38,51.81,9180033,0
07/19/2019,21:00,51.86,51.90,51.42,51.49,12320635,0
07/22/2019,21:00,51.60,51.68,51.44,51.52,10079447,0
07/23/2019,21:00,51.53,51.57,51.33,51.54,8242942,0
07/24/2019,21:00,51.46,51.62,51.45,51.54,14267515,0
07/25/2019,21:00,51.45,51.47,51.05,51.17,9072590,0
07/26/2019,21:00,51.34,51.38,51.11,51.24,4950505,0
07/29/2019,21:00,51.07,51.17,50.89,51.11,15346245,0
07/30/2019,21:00,50.71,50.79,50.58,50.74,16493887,0
07/31/2019,21:00,50.72,50.76,49.58,50.18,25995904,0
08/01/2019,21:00,50.15,50.50,49.04,49.21,35631403,0
08/02/2019,21:00,48.97,49.09,48.56,48.70,28361023,0
08/05/2019,21:00,47.38,47.44,46.67,46.94,31848429,0
08/06/2019,21:00,47.75,47.82,47.28,47.57,27219131,0
08/07/2019,21:00,47.14,47.84,46.95,47.78,21440969,0
08/08/2019,21:00,48.15,48.47,48.04,48.46,15037040,0
08/09/2019,21:00,48.16,48.21,47.74,47.99,17104548,0
08/12/2019,21:00,47.35,47.51,47.25,47.33,11829404,0
08/13/2019,21:00,47.00,48.20,46.92,47.91,19359540,0
08/14/2019,21:00,46.98,47.11,46.57,46.63,20384795,0
08/15/2019,21:00,47.01,47.06,46.65,46.92,22593033,0
08/16/2019,21:00,47.32,47.63,47.31,47.56,11126387,0
08/19/2019,21:00,48.09,48.11,47.66,47.72,13971511,0
08/20/2019,21:00,47.84,48.00,47.72,47.82,8689424,0
08/21/2019,21:00,48.29,48.29,48.06,48.26,6639605,0
08/22/2019,21:00,47.87,47.95,47.53,47.64,10719280,0
08/23/2019,21:00,47.52,47.97,46.87,46.99,16256372,0
08/26/2019,21:00,47.27,47.33,47.07,47.19,12617784,0
08/27/2019,21:00,47.50,47.65,47.19,47.26,20018404,0
08/28/2019,21:00,47.17,47.47,47.06,47.39,7473440,0
08/29/2019,21:00,47.68,47.96,47.53,47.94,10154146,0
08/30/2019,21:00,48.31,48.31,48.01,48.27,12528925,0
09/03/2019,21:00,47.80,48.01,47.77,47.98,13063923,0
09/04/2019,21:00,48.63,48.85,48.55,48.81,10635640,0
09/05/2019,21:00,49.34,49.49,49.29,49.37,17908062,0
09/06/2019,21:00,49.59,49.69,49.49,49.55,14328303,0
09/09/2019,21:00,49.65,49.82,49.54,49.68,11733215,0
09/10/2019,21:00,49.63,49.80,49.45,49.71,8079827,0
09/11/2019,21:00,49.86,50.09,49.80,50.09,7808861,0
09/12/2019,21:00,50.42,50.72,50.23,50.43,14638645,0
09/13/2019,21:00,50.71,50.86,50.64,50.68,12313769,0
09/16/2019,21:00,50.30,50.55,50.19,50.31,12213565,0
09/17/2019,21:00,49.90,50.31,49.83,50.28,13242006,0
09/18/2019,21:00,50.23,50.29,49.72,50.07,17644589,0
09/19/2019,21:00,50.08,50.25,49.80,49.85,19187592,0
09/20/2019,21:00,50.29,50.33,49.75,49.92,15155518,0
09/23/2019,21:00,49.78,50.05,49.74,50.01,7377026,0
09/24/2019,21:00,49.97,49.99,49.46,49.51,20671331,0
09/25/2019,21:00,49.17,49.53,49.00,49.45,15002719,0
09/26/2019,21:00,49.54,49.58,49.30,49.45,11706246,0
09/27/2019,21:00,49.45,49.55,48.65,48.83,25761339,0
09/30/2019,21:00,49.19,49.34,49.01,49.02,21387567,0
10/01/2019,21:00,49.07,49.09,48.70,48.77,16561132,0
10/02/2019,21:00,48.42,48.47,48.15,48.38,19719233,0
10/03/2019,21:00,48.58,49.01,48.45,49.01,18212651,0
10/04/2019,21:00,48.89,49.29,48.83,49.22,12801787,0
10/07/2019,21:00,48.93,49.16,48.77,48.78,15380880,0
10/08/2019,21:00,48.69,48.78,48.43,48.45,14703381,0
10/09/2019,21:00,48.85,49.01,48.78,48.83,11349710,0
10/10/2019,21:00,48.98,49.51,48.98,49.29,8581049,0
10/11/2019,21:00,50.02,50.42,49.94,50.03,17540643,0
10/14/2019,21:00,50.02,50.09,49.88,49.90,5711823,0
10/15/2019,21:00,50.04,50.40,50.00,50.28,10270367,0
10/16/2019,21:00,50.24,50.46,50.14,50.42,10166431,0
10/17/2019,21:00,50.82,50.83,50.58,50.61,11084859,0
10/18/2019,21:00,50.55,50.67,50.29,50.39,18529349,0
10/21/2019,21:00,50.65,50.93,50.58,50.92,20094059,0
10/22/2019,21:00,50.95,51.12,50.90,50.96,15911309,0
10/23/2019,21:00,50.76,51.03,50.74,50.97,8283066,0
10/24/2019,21:00,51.20,51.21,50.97,51.00,9506726,0
10/25/2019,21:00,50.96,51.34,50.95,51.29,11904776,0
10/28/2019,21:00,51.52,51.73,51.52,51.63,13606157,0
10/29/2019,21:00,51.34,51.47,51.28,51.32,8722245,0
10/30/2019,21:00,51.18,51.57,51.01,51.55,13138757,0
10/31/2019,21:00,51.39,51.39,50.93,51.17,15953018,0
11/01/2019,21:00,51.72,51.97,51.68,51.96,13541006,0
11/04/2019,21:00,52.54,52.62,52.37,52.43,20581380,0
11/05/2019,21:00,52.75,52.76,52.49,52.71,13334609,0
11/06/2019,21:00,52.65,52.72,52.39,52.52,13137251,0
11/07/2019,21:00,52.92,53.12,52.85,52.92,15380940,0
11/08/2019,21:00,52.52,52.61,52.34,52.44,6814302,0
11/11/2019,21:00,51.80,52.13,51.76,52.11,12305231,0
11/12/2019,21:00,51.92,51.98,51.67,51.76,13865391,0
11/13/2019,21:00,51.25,51.47,51.20,51.36,10735195,0
11/14/2019,21:00,51.33,51.49,51.18,51.42,12992171,0
11/15/2019,21:00,51.76,51.94,51.74,51.82,16648986,0
11/18/2019,21:00,51.82,51.91,51.68,51.78,17533823,0
11/19/2019,21:00,52.09,52.11,51.76,51.84,7300695,0
11/20/2019,21:00,51.66,51.83,51.40,51.58,9267166,0
11/21/2019,21:00,51.39,51.53,51.29,51.52,8316826,0
11/22/2019,21:00,51.58,51.63,51.38,51.53,6335851,0
11/25/2019,21:00,51.83,52.06,51.79,52.02,11335591,0
11/26/2019,21:00,51.72,51.89,51.53,51.85,15501748,0
11/27/2019,21:00,51.78,51.95,51.69,51.93,10189996,0
11/29/2019,21:00,51.27,51.36,51.15,51.17,7435042,0
12/02/2019,21:00,51.29,51.31,50.96,51.17,12555968,0
12/03/2019,21:00,50.70,50.89,50.48,50.88,9077187,0
12/04/2019,21:00,51.27,51.35,51.21,51.29,7314078,0
12/05/2019,21:00,51.35,51.57,51.30,51.51,7643516,0
12/06/2019,21:00,51.77,51.84,51.67,51.78,8873611,0
12/09/2019,21:00,51.72,51.88,51.52,51.57,13530462,0
12/10/2019,21:00,51.67,51.82,51.57,51.70,7585662,0
12/11/2019,21:00,52.00,52.50,51.99,52.41,13830887,0
12/12/2019,21:00,52.59,53.40,52.57,53.31,18558503,0
12/13/2019,21:00,53.42,53.81,53.16,53.33,20889928,0
12/16/2019,21:00,52.59,52.71,52.51,52.53,12254505,0
12/17/2019,21:00,52.94,53.07,52.85,53.00,24498195,0
12/18/2019,21:00,53.24,53.29,53.12,53.28,14088283,0
12/19/2019,21:00,53.12,53.32,53.09,53.29,14208348,0
12/20/2019,21:00,53.35,53.43,53.25,53.34,24029598,0
12/23/2019,21:00,53.35,53.44,53.30,53.43,8313707,0
12/24/2019,21:00,53.37,53.41,53.26,53.34,5018541,0
12/26/2019,21:00,53.52,53.76,53.47,53.76,3877514,0
12/27/2019,21:00,54.06,54.10,53.82,53.99,13259743,0
12/30/2019,21:00,54.12,54.15,53.56,53.61,16781682,0
12/31/2019,21:00,53.71,53.85,53.56,53.76,7740703,0
01/02/2020,21:00,54.35,54.87,54.35,54.87,17375085,0
01/03/2020,21:00,53.97,54.23,53.85,53.90,9527487,0
01/06/2020,21:00,53.44,53.75,53.43,53.70,9825936,0
01/07/2020,21:00,53.68,53.78,53.54,53.70,5814189,0
01/08/2020,21:00,53.57,54.24,53.53,53.92,19268138,0
01/09/2020,21:00,54.44,54.45,54.21,54.32,13773491,0
01/10/2020,21:00,54.66,54.80,54.54,54.61,10885064,0
01/13/2020,21:00,54.98,55.45,54.88,55.44,13956628,0
01/14/2020,21:00,55.12,55.17,54.88,55.15,28523388,0
01/15/2020,21:00,54.97,55.03,54.65,54.72,34138385,0
01/16/2020,21:00,55.09,55.17,54.93,55.08,17986984,0
01/17/2020,21:00,55.28,55.44,55.11,55.41,18282993,0
01/21/2020,21:00,54.29,54.37,54.02,54.06,10795100,0
01/22/2020,21:00,54.61,54.67,54.35,54.49,13555568,0
01/23/2020,21:00,53.69,54.10,53.38,53.98,27088424,0
01/24/2020,21:00,54.05,54.05,53.30,53.57,17907799,0
01/27/2020,21:00,51.37,52.06,51.27,51.76,23884713,0
01/28/2020,21:00,51.94,52.28,51.72,52.27,14904854,0
01/29/2020,21:00,52.57,52.60,52.26,52.40,12602520,0
01/30/2020,21:00,51.24,51.66,50.95,51.61,19836837,0
